,index,股票代號,股票名稱,融資前日餘額,融資今日餘額,融券前日餘額,融券今日餘額,融資買進,融資賣出,融資現金償還,融資限額,融券買進,融券賣出,融券現券償還,融券限額,資券互抵,註記,filter
2022-12-08,143.0,1101,台泥,16307,15967,1252.0,1221.0,,,,,,,,,,,False
2022-12-12,,1101,台泥,15909,15341,1330.0,1376.0,239.0,801.0,6.0,1789045.0,24.0,71.0,1.0,1789045.0,, ,False
2022-12-13,,1101,台泥,14893,15054,1375.0,1089.0,471.0,305.0,5.0,1789045.0,283.0,3.0,6.0,1789045.0,11.0, ,False
2022-12-14,,1101,台泥,15054,14955,1089.0,1036.0,430.0,520.0,9.0,1789045.0,53.0,6.0,6.0,1789045.0,, ,False
2022-12-15,,1101,台泥,14955,14940,1036.0,1677.0,169.0,183.0,1.0,1789045.0,20.0,661.0,,1789045.0,, ,False
2022-12-18,,1101,台泥,14940,14841,1677.0,4170.0,342.0,421.0,20.0,1789045.0,133.0,2631.0,5.0,1789045.0,4.0, ,False
2022-12-19,,1101,台泥,14841,15109,4170.0,1351.0,854.0,586.0,,1789045.0,2823.0,4.0,,1789045.0,1.0, ,False
2022-12-20,,1101,台泥,15109,13822,1351.0,982.0,213.0,1500.0,,1789045.0,273.0,9.0,105.0,1789045.0,4.0, ,False
2022-12-21,,1101,台泥,13822,13498,982.0,732.0,371.0,667.0,28.0,1789045.0,28.0,11.0,233.0,1789045.0,1.0, ,False
2022-12-23,,1101,台泥,13471,13965,710.0,688.0,941.0,440.0,7.0,1789045.0,20.0,4.0,6.0,1789045.0,7.0, ,False
2022-12-26,,1101,台泥,13965,13387,688.0,696.0,208.0,782.0,4.0,1789045.0,1.0,10.0,1.0,1789045.0,, ,False
2022-12-27,,1101,台泥,13387,13200,696.0,705.0,356.0,542.0,1.0,1789045.0,5.0,14.0,,1789045.0,2.0, ,False
2022-12-28,,1101,台泥,13200,12565,705.0,710.0,207.0,839.0,3.0,1789045.0,4.0,9.0,,1789045.0,, ,False
2022-12-29,,1101,台泥,12565,13049,710.0,719.0,845.0,361.0,,1789045.0,35.0,44.0,,1789045.0,, ,False
2022-12-30,,1101,台泥,13049,12903,719.0,721.0,136.0,278.0,4.0,1789045.0,3.0,5.0,,1789045.0,, ,False
2023-01-03,,1101,台泥,12903,12995,721.0,735.0,268.0,176.0,,1789045.0,19.0,33.0,,1789045.0,, ,
2023-01-04,,1101,台泥,12995,13272,735.0,737.0,378.0,94.0,7.0,1789045.0,6.0,9.0,1.0,1789045.0,, ,
2023-01-05,,1101,台泥,13272,12560,737.0,720.0,1038.0,1727.0,23.0,1789045.0,35.0,23.0,5.0,1789045.0,7.0, ,
2023-01-06,,1101,台泥,12560,12575,720.0,698.0,508.0,488.0,5.0,1789045.0,16.0,4.0,10.0,1789045.0,, ,
2023-01-10,,1101,台泥,12012,11747,476.0,452.0,87.0,351.0,1.0,1789045.0,30.0,6.0,,1789045.0,, ,
2023-01-11,,1101,台泥,11747,11442,452.0,456.0,323.0,605.0,23.0,1789045.0,,4.0,,1789045.0,, ,
2023-01-12,,1101,台泥,11442,11408,456.0,478.0,882.0,908.0,8.0,1789045.0,19.0,41.0,,1789045.0,7.0, ,
2023-01-14,,1101,台泥,11408,12035,478.0,605.0,1708.0,1074.0,7.0,1789045.0,4.0,131.0,,1789045.0,25.0, ,
2023-01-16,,1101,台泥,12035,11433,605.0,693.0,532.0,1131.0,3.0,1789045.0,14.0,112.0,10.0,1789045.0,2.0, ,
2023-01-18,,1101,台泥,11433,11150,693.0,652.0,490.0,741.0,32.0,1789045.0,60.0,23.0,4.0,1789045.0,1.0, ,
2023-02-01,,1101,台泥,10602,10328,699.0,697.0,176.0,445.0,5.0,1789045.0,13.0,18.0,7.0,1789045.0,, ,
2023-02-02,,1101,台泥,10602,10328,699.0,697.0,176.0,445.0,5.0,1789045.0,13.0,18.0,7.0,1789045.0,, ,
2023-02-03,,1101,台泥,10189,10288,687.0,699.0,257.0,157.0,1.0,1789045.0,11.0,25.0,2.0,1789045.0,1.0, ,
2023-02-04,,1101,台泥,10189,10288,687.0,699.0,257.0,157.0,1.0,1789045.0,11.0,25.0,2.0,1789045.0,1.0, ,
2023-02-06,,1101,台泥,10288,10092,699.0,714.0,327.0,521.0,2.0,1789045.0,11.0,26.0,,1789045.0,1.0, ,
2023-02-07,,1101,台泥,10092,9908,714.0,707.0,318.0,403.0,99.0,1789045.0,21.0,14.0,,1789045.0,3.0, ,
2023-02-08,,1101,台泥,9908,9842,707.0,717.0,304.0,366.0,4.0,1789045.0,,12.0,2.0,1789045.0,, ,
2023-02-09,,1101,台泥,9842,9742,717.0,702.0,192.0,275.0,17.0,1789045.0,15.0,6.0,6.0,1789045.0,, ,
2023-02-10,,1101,台泥,9742,9825,702.0,710.0,492.0,407.0,2.0,1789045.0,12.0,24.0,4.0,1789045.0,, ,
2023-02-11,,1101,台泥,9742,9825,702.0,710.0,492.0,407.0,2.0,1789045.0,12.0,24.0,4.0,1789045.0,, ,
2023-02-13,,1101,台泥,9825,9763,710.0,736.0,234.0,296.0,,1789045.0,,26.0,,1789045.0,3.0, ,
2023-02-14,,1101,台泥,9763,9516,736.0,790.0,418.0,665.0,,1789045.0,22.0,76.0,,1789045.0,, ,
2023-02-15,,1101,台泥,9516,9473,790.0,810.0,406.0,438.0,11.0,1789045.0,11.0,31.0,,1789045.0,3.0, ,
2023-02-16,,1101,台泥,9473,9820,810.0,790.0,554.0,207.0,,1789045.0,23.0,3.0,,1789045.0,4.0, ,
2023-02-17,,1101,台泥,9820,10293,790.0,814.0,890.0,391.0,26.0,1789045.0,15.0,46.0,7.0,1789045.0,, ,
2023-02-18,,1101,台泥,9820,10293,790.0,814.0,890.0,391.0,26.0,1789045.0,15.0,46.0,7.0,1789045.0,, ,
2023-02-20,,1101,台泥,10293,9983,814.0,793.0,343.0,647.0,6.0,1789045.0,52.0,35.0,4.0,1789045.0,, ,
2023-02-21,,1101,台泥,9983,10218,793.0,776.0,437.0,192.0,10.0,1789045.0,31.0,14.0,,1789045.0,, ,
2023-02-22,,1101,台泥,10218,10538,776.0,754.0,558.0,238.0,,1789045.0,23.0,3.0,2.0,1789045.0,, ,
2023-02-23,,1101,台泥,10538,10307,754.0,859.0,1211.0,1431.0,11.0,1789045.0,43.0,148.0,,1789045.0,8.0, ,
2023-02-24,,1101,台泥,10307,10186,859.0,821.0,458.0,570.0,9.0,1789045.0,45.0,7.0,,1789045.0,, ,
2023-02-25,,1101,台泥,10307,10186,859.0,821.0,458.0,570.0,9.0,1789045.0,45.0,7.0,,1789045.0,, ,
2023-02-27,,1101,台泥,10307,10186,859.0,821.0,458.0,570.0,9.0,1789045.0,45.0,7.0,,1789045.0,, ,
2023-02-28,,1101,台泥,10307,10186,859.0,821.0,458.0,570.0,9.0,1789045.0,45.0,7.0,,1789045.0,, ,
2023-03-01,,1101,台泥,10186,11473,821.0,743.0,1858.0,570.0,1.0,1789045.0,106.0,34.0,6.0,1789045.0,, ,
2023-03-02,,1101,台泥,11473,11970,743.0,748.0,748.0,242.0,9.0,1789045.0,42.0,47.0,,1789045.0,, ,
2023-03-03,,1101,台泥,11970,11845,748.0,699.0,235.0,348.0,12.0,1789045.0,52.0,3.0,,1789045.0,, ,
2023-03-04,,1101,台泥,11970,11845,748.0,699.0,235.0,348.0,12.0,1789045.0,52.0,3.0,,1789045.0,, ,
2023-03-06,,1101,台泥,11845,11787,699.0,687.0,201.0,259.0,,1789045.0,14.0,4.0,2.0,1789045.0,, ,
2023-03-07,,1101,台泥,11787,11681,687.0,639.0,155.0,260.0,1.0,1789045.0,48.0,,,1789045.0,, ,
2023-03-08,,1101,台泥,11681,11897,639.0,576.0,349.0,132.0,1.0,1789045.0,68.0,5.0,,1789045.0,, ,
2023-03-09,,1101,台泥,11897,11721,576.0,551.0,352.0,458.0,70.0,1789045.0,49.0,24.0,,1789045.0,, ,
2023-03-10,,1101,台泥,11721,11482,551.0,583.0,344.0,580.0,3.0,1789045.0,90.0,122.0,,1789045.0,1.0, ,
2023-03-11,,1101,台泥,11721,11482,551.0,583.0,344.0,580.0,3.0,1789045.0,90.0,122.0,,1789045.0,1.0, ,
2023-03-13,,1101,台泥,11482,11427,583.0,567.0,195.0,245.0,5.0,1789045.0,34.0,18.0,,1789045.0,4.0, ,
2023-03-14,,1101,台泥,11427,11703,567.0,549.0,351.0,75.0,,1789045.0,22.0,4.0,,1789045.0,1.0, ,
2023-03-15,,1101,台泥,11703,12107,549.0,544.0,599.0,194.0,1.0,1789045.0,4.0,3.0,4.0,1789045.0,, ,
2023-03-16,,1101,台泥,12107,11988,544.0,485.0,201.0,316.0,4.0,1789045.0,63.0,4.0,,1789045.0,, ,
2023-03-17,,1101,台泥,11988,12425,485.0,367.0,504.0,61.0,6.0,1789045.0,123.0,5.0,,1789045.0,, ,
2023-03-18,,1101,台泥,11988,12425,485.0,367.0,504.0,61.0,6.0,1789045.0,123.0,5.0,,1789045.0,, ,
2023-03-20,,1101,台泥,12425,12796,367.0,365.0,512.0,141.0,,1789045.0,7.0,5.0,,1789045.0,, ,
2023-03-21,,1101,台泥,12796,13050,365.0,345.0,530.0,274.0,2.0,1789045.0,26.0,6.0,,1789045.0,, ,
2023-03-22,,1101,台泥,13050,13047,345.0,378.0,165.0,154.0,14.0,1789045.0,41.0,81.0,7.0,1789045.0,, ,
2023-03-23,,1101,台泥,13047,13190,378.0,341.0,288.0,137.0,8.0,1789045.0,59.0,22.0,,1789045.0,,X ,
2023-03-24,,1101,台泥,13190,13226,341.0,10.0,334.0,296.0,2.0,1789045.0,299.0,,32.0,1789045.0,,X ,
2023-03-25,,1101,台泥,13190,13226,341.0,10.0,334.0,296.0,2.0,1789045.0,299.0,,32.0,1789045.0,,X ,
2023-03-27,,1101,台泥,13226,12961,10.0,,410.0,667.0,8.0,1789045.0,,,10.0,1789045.0,,X ,
2023-03-28,,1101,台泥,12961,13043,,,415.0,326.0,7.0,1789045.0,,,,1789045.0,,X ,
2023-03-29,,1101,台泥,13043,13116,,,203.0,126.0,4.0,1789045.0,,,,1789045.0,, ,
2023-03-30,,1101,台泥,13116,13241,,198.0,257.0,131.0,1.0,1789045.0,,198.0,,1789045.0,1.0, ,
2023-03-31,,1101,台泥,13241,13199,198.0,308.0,165.0,203.0,4.0,1789045.0,3.0,113.0,,1789045.0,, ,
2023-04-01,,1101,台泥,13241,13199,198.0,308.0,165.0,203.0,4.0,1789045.0,3.0,113.0,,1789045.0,, ,
2023-04-03,,1101,台泥,13241,13199,198.0,308.0,165.0,203.0,4.0,1789045.0,3.0,113.0,,1789045.0,, ,
2023-04-04,,1101,台泥,13241,13199,198.0,308.0,165.0,203.0,4.0,1789045.0,3.0,113.0,,1789045.0,, ,
2023-04-05,,1101,台泥,13241,13199,198.0,308.0,165.0,203.0,4.0,1789045.0,3.0,113.0,,1789045.0,, ,
2023-04-06,,1101,台泥,13199,13272,308.0,216.0,86.0,11.0,2.0,1789045.0,106.0,14.0,,1789045.0,, ,
2023-04-07,,1101,台泥,13272,13213,216.0,215.0,44.0,66.0,37.0,1789045.0,3.0,2.0,,1789045.0,, ,
2023-04-08,,1101,台泥,13272,13213,216.0,215.0,44.0,66.0,37.0,1789045.0,3.0,2.0,,1789045.0,, ,
2023-04-10,,1101,台泥,13213,13084,215.0,203.0,61.0,189.0,1.0,1789045.0,17.0,5.0,,1789045.0,, ,
2023-04-11,,1101,台泥,13084,13766,203.0,163.0,1177.0,493.0,2.0,1789045.0,46.0,8.0,2.0,1789045.0,5.0, ,
2023-04-12,,1101,台泥,13766,14020,163.0,163.0,720.0,459.0,7.0,1789045.0,7.0,7.0,,1789045.0,, ,
2023-04-13,,1101,台泥,14020,13795,163.0,172.0,411.0,590.0,46.0,1789045.0,2.0,11.0,,1789045.0,, ,
2023-04-14,,1101,台泥,13795,13846,172.0,156.0,206.0,152.0,3.0,1789045.0,16.0,,,1789045.0,, ,
2023-04-15,,1101,台泥,13795,13846,172.0,156.0,206.0,152.0,3.0,1789045.0,16.0,,,1789045.0,, ,
2023-04-17,,1101,台泥,13846,15259,156.0,169.0,2060.0,556.0,91.0,1789045.0,6.0,24.0,5.0,1789045.0,, ,
2023-04-18,,1101,台泥,15259,14922,169.0,164.0,347.0,683.0,1.0,1789045.0,11.0,6.0,,1789045.0,2.0, ,
2023-04-19,,1101,台泥,14922,14892,164.0,159.0,323.0,353.0,,1789045.0,13.0,10.0,2.0,1789045.0,1.0, ,
2023-04-20,,1101,台泥,14892,14899,159.0,164.0,368.0,361.0,,1789045.0,,5.0,,1789045.0,, ,
2023-04-21,,1101,台泥,14899,17556,164.0,269.0,4206.0,1549.0,,1789045.0,1.0,106.0,,1789045.0,10.0, ,
2023-04-22,,1101,台泥,14899,17556,164.0,269.0,4206.0,1549.0,,1789045.0,1.0,106.0,,1789045.0,10.0, ,
2023-04-24,,1101,台泥,17556,20626,269.0,451.0,5257.0,2186.0,1.0,1789045.0,38.0,223.0,3.0,1789045.0,38.0, ,
2023-04-25,,1101,台泥,20626,19472,451.0,332.0,1852.0,3005.0,1.0,1789045.0,206.0,88.0,1.0,1789045.0,24.0, ,
2023-04-26,,1101,台泥,19472,21189,332.0,327.0,2658.0,932.0,9.0,1789045.0,63.0,58.0,,1789045.0,7.0, ,
2023-04-27,,1101,台泥,21189,22147,327.0,338.0,1946.0,981.0,7.0,1789045.0,16.0,36.0,9.0,1789045.0,1.0, ,
2023-04-28,,1101,台泥,22147,21234,338.0,324.0,835.0,1345.0,403.0,1789045.0,43.0,31.0,2.0,1789045.0,2.0, ,
2023-04-29,,1101,台泥,22147,21234,338.0,324.0,835.0,1345.0,403.0,1789045.0,43.0,31.0,2.0,1789045.0,2.0, ,
2023-05-01,,1101,台泥,22147,21234,338.0,324.0,835.0,1345.0,403.0,1789045.0,43.0,31.0,2.0,1789045.0,2.0, ,
2023-05-02,,1101,台泥,21234,24492,324.0,388.0,6905.0,3647.0,,1789045.0,19.0,83.0,,1789045.0,8.0, ,
2023-05-03,,1101,台泥,24492,25463,388.0,389.0,2952.0,1980.0,1.0,1789045.0,13.0,15.0,1.0,1789045.0,10.0, ,
2023-05-04,,1101,台泥,25463,25072,389.0,394.0,1236.0,1623.0,4.0,1789045.0,3.0,9.0,1.0,1789045.0,, ,
2023-05-05,,1101,台泥,25072,24662,394.0,390.0,623.0,1017.0,16.0,1789045.0,17.0,15.0,2.0,1789045.0,7.0, ,
2023-05-06,,1101,台泥,25072,24662,394.0,390.0,623.0,1017.0,16.0,1789045.0,17.0,15.0,2.0,1789045.0,7.0, ,
2023-05-08,,1101,台泥,24662,23786,390.0,389.0,1207.0,2056.0,27.0,1789045.0,9.0,8.0,,1789045.0,2.0, ,
2023-05-09,,1101,台泥,23786,21452,389.0,395.0,691.0,3024.0,1.0,1789045.0,51.0,57.0,,1789045.0,, ,
2023-05-10,,1101,台泥,21452,21441,395.0,365.0,529.0,531.0,9.0,1789045.0,45.0,15.0,,1789045.0,, ,
2023-05-11,,1101,台泥,21441,17784,365.0,328.0,269.0,3922.0,4.0,1789045.0,74.0,38.0,1.0,1789045.0,, ,
2023-05-12,,1101,台泥,17784,17836,328.0,278.0,823.0,760.0,11.0,1789045.0,63.0,13.0,,1789045.0,, ,
2023-05-13,,1101,台泥,17784,17836,328.0,278.0,823.0,760.0,11.0,1789045.0,63.0,13.0,,1789045.0,, ,
2023-05-15,,1101,台泥,17836,17263,278.0,258.0,719.0,1292.0,,1789045.0,29.0,9.0,,1789045.0,1.0, ,
2023-05-16,,1101,台泥,17263,17279,258.0,255.0,422.0,392.0,14.0,1789045.0,13.0,10.0,,1789045.0,1.0, ,
2023-05-17,,1101,台泥,17279,17236,255.0,217.0,398.0,438.0,3.0,1789045.0,42.0,9.0,5.0,1789045.0,25.0, ,
2023-05-18,,1101,台泥,17236,17353,217.0,218.0,638.0,521.0,,1789045.0,4.0,5.0,,1789045.0,1.0, ,
2023-05-19,,1101,台泥,17353,17357,218.0,218.0,888.0,884.0,,1789045.0,6.0,6.0,,1789045.0,2.0, ,
2023-05-20,,1101,台泥,17353,17357,218.0,218.0,888.0,884.0,,1789045.0,6.0,6.0,,1789045.0,2.0, ,
2023-05-22,,1101,台泥,17357,17497,218.0,224.0,538.0,398.0,,1789045.0,12.0,18.0,,1789045.0,, ,
2023-05-23,,1101,台泥,17497,17587,224.0,191.0,265.0,173.0,2.0,1789045.0,33.0,,,1789045.0,, ,
2023-05-24,,1101,台泥,17587,17329,191.0,197.0,289.0,537.0,10.0,1789045.0,4.0,10.0,,1789045.0,1.0, ,
2023-05-25,,1101,台泥,17329,16829,197.0,184.0,206.0,676.0,30.0,1789045.0,15.0,3.0,1.0,1789045.0,1.0, ,
2023-05-26,,1101,台泥,16829,16807,184.0,182.0,270.0,292.0,,1789045.0,7.0,5.0,,1789045.0,, ,
2023-05-27,,1101,台泥,16829,16807,184.0,182.0,270.0,292.0,,1789045.0,7.0,5.0,,1789045.0,, ,
2023-05-29,,1101,台泥,16807,16894,182.0,170.0,530.0,443.0,,1789045.0,15.0,3.0,,1789045.0,, ,
2023-05-30,,1101,台泥,16894,16579,170.0,167.0,224.0,537.0,2.0,1789045.0,4.0,1.0,,1789045.0,, ,
2023-05-31,,1101,台泥,16579,17177,167.0,155.0,806.0,188.0,20.0,1789045.0,12.0,,,1789045.0,, ,
2023-06-01,,1101,台泥,17177,17352,155.0,155.0,527.0,352.0,,1789045.0,3.0,3.0,,1789045.0,, ,
2023-06-02,,1101,台泥,17352,17966,155.0,150.0,1669.0,1053.0,2.0,1789045.0,20.0,15.0,,1789045.0,, ,
2023-06-03,,1101,台泥,17352,17966,155.0,150.0,1669.0,1053.0,2.0,1789045.0,20.0,15.0,,1789045.0,, ,
2023-06-05,,1101,台泥,17966,18377,150.0,146.0,1278.0,841.0,26.0,1789045.0,7.0,3.0,,1789045.0,1.0, ,
2023-06-06,,1101,台泥,18377,18171,146.0,144.0,479.0,683.0,2.0,1789045.0,,1.0,3.0,1789045.0,, ,
2023-06-07,,1101,台泥,18171,18126,144.0,145.0,244.0,289.0,,1789045.0,1.0,2.0,,1789045.0,2.0, ,
2023-06-08,,1101,台泥,18126,18032,145.0,144.0,288.0,382.0,,1789045.0,3.0,2.0,,1789045.0,, ,
2023-06-09,,1101,台泥,18126,18032,145.0,144.0,288.0,382.0,,1789045.0,3.0,2.0,,1789045.0,, ,
2023-06-10,,1101,台泥,18032,17705,144.0,144.0,141.0,468.0,,1789045.0,1.0,1.0,,1789045.0,, ,
2023-06-12,,1101,台泥,17705,17570,144.0,147.0,226.0,351.0,10.0,1789045.0,,4.0,1.0,1789045.0,, ,
2023-06-13,,1101,台泥,17570,17696,147.0,141.0,345.0,216.0,3.0,1789045.0,6.0,,,1789045.0,2.0, ,
2023-06-14,,1101,台泥,17696,17686,141.0,136.0,204.0,201.0,13.0,1789045.0,5.0,,,1789045.0,, ,
2023-06-15,,1101,台泥,17686,17706,136.0,130.0,308.0,288.0,,1789045.0,6.0,,,1789045.0,, ,
2023-06-16,,1101,台泥,17706,18896,130.0,126.0,1717.0,524.0,3.0,1789045.0,5.0,1.0,,1789045.0,4.0, ,
2023-06-17,,1101,台泥,17706,18896,130.0,126.0,1717.0,524.0,3.0,1789045.0,5.0,1.0,,1789045.0,4.0, ,
2023-06-19,,1101,台泥,18896,19446,126.0,127.0,823.0,273.0,,1789045.0,,1.0,,1789045.0,5.0, ,
2023-06-20,,1101,台泥,19446,18964,127.0,127.0,114.0,591.0,5.0,1789045.0,,,,1789045.0,, ,
2023-06-21,,1101,台泥,18964,18913,127.0,127.0,159.0,210.0,,1789045.0,,,,1789045.0,1.0, ,
2023-06-22,,1101,台泥,18964,18913,127.0,127.0,159.0,210.0,,1789045.0,,,,1789045.0,1.0, ,
2023-06-23,,1101,台泥,18964,18913,127.0,127.0,159.0,210.0,,1789045.0,,,,1789045.0,1.0, ,
2023-06-24,,1101,台泥,18964,18913,127.0,127.0,159.0,210.0,,1789045.0,,,,1789045.0,1.0, ,
2023-06-26,,1101,台泥,18913,18999,127.0,128.0,620.0,409.0,125.0,1789045.0,2.0,3.0,,1789045.0,, ,
2023-06-27,,1101,台泥,18999,18753,128.0,107.0,228.0,473.0,1.0,1789045.0,21.0,1.0,1.0,1789045.0,, ,
2023-06-28,,1101,台泥,18753,18289,107.0,101.0,369.0,833.0,,1789045.0,8.0,2.0,,1789045.0,1.0, ,
2023-06-29,,1101,台泥,18289,18261,101.0,102.0,168.0,195.0,1.0,1789045.0,1.0,2.0,,1789045.0,1.0, ,
2023-06-30,,1101,台泥,18261,18227,102.0,57.0,135.0,169.0,,1789045.0,11.0,6.0,40.0,1789045.0,, ,
2023-07-01,,1101,台泥,18261,18227,102.0,57.0,135.0,169.0,,1789045.0,11.0,6.0,40.0,1789045.0,, ,
2023-07-03,,1101,台泥,18227,18227,57.0,49.0,297.0,295.0,2.0,1789045.0,9.0,1.0,,1789045.0,1.0, ,
2023-07-04,,1101,台泥,18227,18229,49.0,25.0,309.0,305.0,2.0,1789045.0,24.0,,,1789045.0,,X ,
2023-07-05,,1101,台泥,18229,17255,25.0,,417.0,1386.0,5.0,1789045.0,25.0,,,1789045.0,,X ,
2023-07-06,,1101,台泥,17255,17084,,,364.0,534.0,1.0,1789045.0,,,,1789045.0,,X ,
2023-07-07,,1101,台泥,17084,17183,,,400.0,291.0,10.0,1789045.0,,,,1789045.0,,X ,
2023-07-08,,1101,台泥,17084,17183,,,400.0,291.0,10.0,1789045.0,,,,1789045.0,,X ,
2023-07-10,,1101,台泥,17183,16819,,,465.0,828.0,1.0,1789045.0,,,,1789045.0,, ,
2023-07-11,,1101,台泥,16819,16651,,33.0,220.0,382.0,6.0,1789045.0,,33.0,,1789045.0,, ,
2023-07-12,,1101,台泥,16651,16599,33.0,39.0,121.0,172.0,1.0,1789045.0,2.0,8.0,,1789045.0,2.0, ,
2023-07-13,,1101,台泥,16599,16992,39.0,41.0,663.0,259.0,11.0,1789045.0,,2.0,,1789045.0,, ,
2023-07-14,,1101,台泥,16992,17131,41.0,41.0,293.0,146.0,8.0,1789045.0,,,,1789045.0,, ,
2023-07-15,,1101,台泥,16992,17131,41.0,41.0,293.0,146.0,8.0,1789045.0,,,,1789045.0,, ,
2023-07-17,,1101,台泥,17131,17339,41.0,102.0,506.0,298.0,,1789045.0,,61.0,,1789045.0,, ,
2023-07-18,,1101,台泥,17339,17154,102.0,323.0,190.0,360.0,15.0,1789045.0,3.0,224.0,,1789045.0,, ,
2023-07-19,,1101,台泥,17154,17171,323.0,102.0,332.0,300.0,15.0,1789045.0,222.0,1.0,,1789045.0,, ,
2023-07-20,,1101,台泥,17171,17229,102.0,124.0,91.0,32.0,1.0,1789045.0,,22.0,,1789045.0,, ,
2023-07-21,,1101,台泥,17229,17188,124.0,125.0,224.0,265.0,,1789045.0,22.0,23.0,,1789045.0,, ,
2023-07-24,,1101,台泥,17188,17619,125.0,132.0,816.0,385.0,,1789045.0,7.0,14.0,,1789045.0,3.0, ,
2023-07-25,,1101,台泥,17619,18172,132.0,176.0,1243.0,685.0,5.0,1789045.0,11.0,55.0,,1789045.0,1.0, ,
2023-07-26,,1101,台泥,18172,18143,176.0,178.0,330.0,359.0,,1789045.0,3.0,5.0,,1789045.0,2.0, ,
2023-07-27,,1101,台泥,18143,18388,178.0,178.0,334.0,89.0,,1789045.0,2.0,2.0,,1789045.0,, ,
2023-07-28,,1101,台泥,18388,17978,178.0,181.0,94.0,504.0,,1789045.0,5.0,8.0,,1789045.0,, ,
2023-07-31,,1101,台泥,17978,17362,181.0,181.0,122.0,728.0,10.0,1789045.0,6.0,6.0,,1789045.0,, ,
2023-08-01,,1101,台泥,17362,17220,181.0,181.0,117.0,259.0,,1789045.0,1.0,1.0,,1789045.0,, ,
2023-08-02,,1101,台泥,17220,17381,181.0,191.0,488.0,326.0,1.0,1789045.0,5.0,15.0,,1789045.0,3.0, ,
2023-08-03,,1101,台泥,17220,17381,181.0,191.0,488.0,326.0,1.0,1789045.0,5.0,15.0,,1789045.0,3.0, ,
2023-08-04,,1101,台泥,17381,17318,191.0,189.0,86.0,147.0,2.0,1789045.0,7.0,5.0,,1789045.0,, ,
2023-08-07,,1101,台泥,17318,17110,189.0,189.0,197.0,405.0,,1789045.0,4.0,4.0,,1789045.0,, ,
2023-08-08,,1101,台泥,17110,17109,189.0,219.0,242.0,243.0,,1789045.0,7.0,37.0,,1789045.0,, ,
2023-08-09,,1101,台泥,17109,17307,219.0,220.0,301.0,91.0,12.0,1789045.0,,1.0,,1789045.0,, ,
2023-08-10,,1101,台泥,17307,17057,220.0,238.0,188.0,328.0,110.0,1789045.0,1.0,19.0,,1789045.0,, ,
2023-08-11,,1101,台泥,17057,16800,238.0,206.0,232.0,469.0,20.0,1789045.0,38.0,6.0,,1789045.0,, ,
2023-08-14,,1101,台泥,16800,16945,206.0,256.0,328.0,182.0,1.0,1789045.0,23.0,73.0,,1789045.0,, ,
2023-08-15,,1101,台泥,16945,16576,256.0,290.0,282.0,546.0,105.0,1789045.0,19.0,53.0,,1789045.0,, ,
2023-08-16,,1101,台泥,16576,16110,290.0,370.0,544.0,1010.0,,1789045.0,7.0,87.0,,1789045.0,, ,
2023-08-17,,1101,台泥,16110,15742,370.0,2067.0,270.0,631.0,7.0,1789045.0,25.0,1722.0,,1789045.0,1.0, ,
2023-08-18,,1101,台泥,15742,15239,2067.0,2959.0,337.0,732.0,108.0,1789045.0,57.0,957.0,8.0,1789045.0,2.0, ,
2023-08-22,,1101,台泥,15239,15173,2959.0,2987.0,63.0,122.0,7.0,1789045.0,5.0,33.0,,1789045.0,12.0, ,
2023-08-23,,1101,台泥,15122,15250,3268.0,3404.0,248.0,119.0,1.0,1789045.0,65.0,201.0,,1789045.0,, ,
2023-08-24,,1101,台泥,15250,15236,3404.0,3376.0,44.0,57.0,1.0,1789045.0,39.0,11.0,,1789045.0,, ,
2023-08-25,,1101,台泥,15236,14934,3376.0,3383.0,46.0,347.0,1.0,1789045.0,2.0,26.0,17.0,1789045.0,, ,
2023-08-28,,1101,台泥,14934,14902,3383.0,3371.0,67.0,95.0,4.0,1789045.0,22.0,10.0,,1789045.0,, ,
2023-08-29,,1101,台泥,14902,14882,3371.0,3361.0,60.0,80.0,,1789045.0,18.0,8.0,,1789045.0,, ,
2023-08-30,,1101,台泥,14882,15001,3361.0,3361.0,151.0,32.0,,1789045.0,3.0,3.0,,1789045.0,, ,
2023-08-31,,1101,台泥,15001,15235,3361.0,3358.0,292.0,54.0,4.0,1789045.0,7.0,4.0,,1789045.0,, ,
2023-09-05,,1101,台泥,15385,15713,3322.0,3883.0,394.0,64.0,2.0,1789045.0,3.0,564.0,,1789045.0,, ,
2023-09-06,,1101,台泥,15713,15503,3883.0,3966.0,467.0,677.0,,1789045.0,15.0,98.0,,1789045.0,5.0, ,
2023-09-07,,1101,台泥,15503,15492,3966.0,3946.0,139.0,146.0,4.0,1789045.0,38.0,18.0,,1789045.0,, ,
2023-09-08,,1101,台泥,15492,15263,3946.0,3874.0,143.0,337.0,35.0,1789045.0,62.0,10.0,20.0,1789045.0,, ,
2023-09-11,,1101,台泥,15263,15403,3874.0,3868.0,322.0,181.0,1.0,1789045.0,8.0,2.0,,1789045.0,, ,
2023-09-12,,1101,台泥,15403,16143,3868.0,3830.0,1022.0,279.0,3.0,1789045.0,38.0,,,1789045.0,2.0, ,
2023-09-13,,1101,台泥,16143,16779,3830.0,4298.0,1321.0,683.0,2.0,1789045.0,32.0,500.0,,1789045.0,3.0, ,
2023-09-14,,1101,台泥,16779,16388,4298.0,4275.0,169.0,559.0,1.0,1789045.0,26.0,3.0,,1789045.0,1.0, ,
2023-09-15,,1101,台泥,16388,16428,4275.0,4527.0,161.0,121.0,,1789045.0,3.0,255.0,,1789045.0,, ,
2023-09-18,,1101,台泥,16428,16704,4527.0,4525.0,361.0,81.0,4.0,1789045.0,3.0,1.0,,1789045.0,, ,
2023-09-26,,1101,台泥,17904,17901,4965.0,5589.0,1188.0,1184.0,7.0,1789045.0,2.0,626.0,,1789045.0,14.0, ,
2023-09-27,,1101,台泥,17933,17874,5571.0,5575.0,191.0,239.0,11.0,1789045.0,3.0,7.0,,1789045.0,, ,
2023-09-28,,1101,台泥,17874,17815,5575.0,5552.0,174.0,209.0,24.0,1789045.0,33.0,10.0,,1789045.0,, ,
2023-09-29,,1101,台泥,17874,17815,5575.0,5552.0,174.0,209.0,24.0,1789045.0,33.0,10.0,,1789045.0,, ,
2023-10-02,,1101,台泥,17815,17668,5552.0,5534.0,222.0,319.0,50.0,1789045.0,18.0,,,1789045.0,, ,
2023-10-03,,1101,台泥,17668,17552,5534.0,5301.0,77.0,192.0,1.0,1789045.0,9.0,1.0,225.0,1789045.0,, ,
2023-10-04,,1101,台泥,17552,17532,5301.0,5496.0,216.0,231.0,5.0,1789045.0,29.0,224.0,,1789045.0,, ,
2023-10-05,,1101,台泥,17532,17786,5496.0,5441.0,387.0,102.0,31.0,1789045.0,60.0,5.0,,1789045.0,, ,
2023-10-06,,1101,台泥,17786,17898,5441.0,5503.0,255.0,133.0,10.0,1789045.0,4.0,66.0,,1789045.0,, ,
2023-10-09,,1101,台泥,17786,17898,5441.0,5503.0,255.0,133.0,10.0,1789045.0,4.0,66.0,,1789045.0,, ,
2023-10-10,,1101,台泥,17786,17898,5441.0,5503.0,255.0,133.0,10.0,1789045.0,4.0,66.0,,1789045.0,, ,
2023-10-11,,1101,台泥,17898,17860,5503.0,5513.0,122.0,154.0,6.0,1789045.0,33.0,43.0,,1789045.0,, ,
2023-10-17,,1101,台泥,18536,18446,5384.0,5394.0,251.0,328.0,13.0,1789045.0,4.0,14.0,,1789045.0,5.0, ,
2023-10-18,,1101,台泥,18446,18692,5394.0,5627.0,1050.0,801.0,3.0,1789045.0,321.0,554.0,,1789045.0,19.0, ,
2023-10-19,,1101,台泥,18692,19498,5627.0,5671.0,979.0,151.0,22.0,1789045.0,64.0,108.0,,1789045.0,10.0, ,
2023-10-20,,1101,台泥,19498,19522,5671.0,5618.0,606.0,552.0,30.0,1789045.0,62.0,9.0,,1789045.0,, ,
2023-10-23,,1101,台泥,19522,19451,5618.0,5629.0,118.0,187.0,2.0,1789045.0,2.0,13.0,,1789045.0,, ,
2023-10-24,,1101,台泥,19451,19808,5629.0,5618.0,459.0,99.0,3.0,1789045.0,13.0,2.0,,1789045.0,, ,
2023-10-25,,1101,台泥,19808,19817,5618.0,5621.0,378.0,110.0,259.0,1887795.0,9.0,12.0,,1887795.0,, ,
2023-10-26,,1101,台泥,19817,20025,5621.0,5597.0,309.0,90.0,11.0,1887795.0,34.0,10.0,,1887795.0,1.0, ,
2023-10-27,,1101,台泥,20025,19675,5597.0,5584.0,261.0,311.0,300.0,1887795.0,15.0,2.0,,1887795.0,, ,
2023-10-30,,1101,台泥,19675,19647,5584.0,5582.0,165.0,193.0,,1887795.0,3.0,1.0,,1887795.0,, ,
2023-10-31,,1101,台泥,19647,19355,5582.0,5517.0,141.0,427.0,6.0,1887795.0,1.0,16.0,80.0,1887795.0,, ,
2023-11-01,,1101,台泥,19355,19242,5517.0,4969.0,67.0,166.0,14.0,1887795.0,558.0,10.0,,1887795.0,, ,
2023-11-02,,1101,台泥,19242,19151,4969.0,4977.0,72.0,153.0,10.0,1887795.0,8.0,16.0,,1887795.0,10.0, ,
2023-11-03,,1101,台泥,19151,19174,4977.0,4963.0,154.0,121.0,10.0,1887795.0,18.0,4.0,,1887795.0,4.0, ,
2023-11-06,,1101,台泥,19174,19155,4963.0,4959.0,135.0,154.0,,1887795.0,8.0,4.0,,1887795.0,, ,
2023-11-07,,1101,台泥,19155,18981,4959.0,4960.0,152.0,322.0,4.0,1887795.0,2.0,3.0,,1887795.0,, ,
2023-11-08,,1101,台泥,18981,18934,4960.0,4960.0,147.0,193.0,1.0,1887795.0,8.0,8.0,,1887795.0,, ,
2023-11-09,,1101,台泥,18934,18993,4960.0,4958.0,134.0,75.0,,1887795.0,4.0,2.0,,1887795.0,, ,
2023-11-10,,1101,台泥,18993,18937,4958.0,4968.0,33.0,84.0,5.0,1887795.0,,10.0,,1887795.0,, ,
2023-11-13,,1101,台泥,18937,18797,4968.0,4967.0,83.0,222.0,1.0,1887795.0,5.0,4.0,,1887795.0,, ,
2023-11-14,,1101,台泥,18797,18867,4967.0,4966.0,151.0,76.0,5.0,1887795.0,2.0,1.0,,1887795.0,, ,
2023-11-15,,1101,台泥,18867,18830,4966.0,4961.0,209.0,244.0,2.0,1887795.0,10.0,5.0,,1887795.0,, ,
2023-11-16,,1101,台泥,18830,19117,4961.0,4960.0,394.0,92.0,15.0,1887795.0,3.0,2.0,,1887795.0,8.0, ,
2023-11-17,,1101,台泥,19117,18982,4960.0,4958.0,137.0,246.0,26.0,1887795.0,2.0,,,1887795.0,3.0, ,
2023-11-20,,1101,台泥,18982,18969,4958.0,4969.0,419.0,332.0,100.0,1887795.0,3.0,14.0,,1887795.0,, ,
2023-11-21,,1101,台泥,18969,18709,4969.0,4986.0,309.0,565.0,4.0,1887795.0,7.0,24.0,,1887795.0,, ,
2023-11-22,,1101,台泥,18709,18785,4986.0,4997.0,291.0,215.0,,1887795.0,1.0,12.0,,1887795.0,, ,
2023-11-23,,1101,台泥,18785,18824,4997.0,4988.0,163.0,122.0,2.0,1887795.0,11.0,2.0,,1887795.0,, ,
2023-11-24,,1101,台泥,18824,18855,4988.0,4983.0,135.0,98.0,6.0,1887795.0,6.0,1.0,,1887795.0,, ,
2023-11-27,,1101,台泥,18855,18839,4983.0,4994.0,520.0,535.0,1.0,1887795.0,,11.0,,1887795.0,1.0, ,
2023-11-28,,1101,台泥,18839,19374,4994.0,4982.0,2010.0,1470.0,5.0,1887795.0,40.0,28.0,,1887795.0,39.0, ,
2023-11-29,,1101,台泥,19374,19297,4982.0,4979.0,513.0,590.0,,1887795.0,14.0,11.0,,1887795.0,23.0, ,
2023-11-30,,1101,台泥,19297,18187,4979.0,4993.0,844.0,1954.0,,1887795.0,18.0,32.0,,1887795.0,, ,
2023-12-01,,1101,台泥,18187,18993,4993.0,4967.0,1011.0,204.0,1.0,1887795.0,27.0,1.0,,1887795.0,2.0, ,
2023-12-04,,1101,台泥,18993,19304,4967.0,4960.0,631.0,320.0,,1887795.0,13.0,6.0,,1887795.0,, ,
2023-12-05,,1101,台泥,19304,18628,4960.0,4975.0,438.0,1111.0,3.0,1887795.0,4.0,19.0,,1887795.0,, ,
2023-12-06,,1101,台泥,18628,18659,4975.0,4979.0,238.0,152.0,55.0,1887795.0,,4.0,,1887795.0,, ,
2023-12-07,,1101,台泥,18659,18558,4979.0,4977.0,238.0,339.0,,1887795.0,3.0,1.0,,1887795.0,1.0, ,
2023-12-08,,1101,台泥,18558,18674,4977.0,136.0,326.0,209.0,1.0,1887795.0,4007.0,16.0,850.0,1887795.0,, ,
2023-12-11,,1101,台泥,18674,18611,136.0,112.0,290.0,353.0,,1887795.0,25.0,1.0,,1887795.0,, ,
2023-12-12,,1101,台泥,18611,18678,112.0,108.0,286.0,189.0,30.0,1887795.0,5.0,1.0,,1887795.0,, ,
2023-12-13,,1101,台泥,18678,18706,108.0,106.0,354.0,319.0,7.0,1887795.0,2.0,,,1887795.0,, ,
2023-12-14,,1101,台泥,18706,18591,106.0,107.0,101.0,215.0,1.0,1887795.0,,1.0,,1887795.0,, ,
2023-12-15,,1101,台泥,18591,18703,107.0,114.0,209.0,96.0,1.0,1887795.0,1.0,8.0,,1887795.0,, ,
2023-12-18,,1101,台泥,18703,18704,114.0,114.0,133.0,131.0,1.0,1887795.0,3.0,3.0,,1887795.0,, ,
2023-12-19,,1101,台泥,18704,18750,114.0,114.0,136.0,90.0,,1887795.0,1.0,1.0,,1887795.0,, ,
2023-12-20,,1101,台泥,18750,18761,114.0,111.0,93.0,82.0,,1887795.0,3.0,,,1887795.0,, ,
2023-12-21,,1101,台泥,18761,18801,111.0,116.0,165.0,124.0,1.0,1887795.0,5.0,10.0,,1887795.0,, ,
2023-12-22,,1101,台泥,18801,18659,116.0,126.0,71.0,93.0,120.0,1887795.0,1.0,11.0,,1887795.0,2.0, ,
2023-12-25,,1101,台泥,18659,18427,126.0,115.0,163.0,395.0,,1887795.0,11.0,,,1887795.0,, ,
2023-12-26,,1101,台泥,18427,18395,115.0,115.0,64.0,94.0,2.0,1887795.0,,,,1887795.0,, ,
2023-12-27,,1101,台泥,18395,18086,115.0,119.0,127.0,432.0,4.0,1887795.0,,4.0,,1887795.0,, ,
2023-12-28,,1101,台泥,18086,18081,119.0,119.0,106.0,109.0,2.0,1887795.0,,,,1887795.0,, ,
2023-12-29,,1101,台泥,18081,18026,119.0,117.0,59.0,111.0,3.0,1887795.0,2.0,,,1887795.0,, ,
2024-01-01,,1101,台泥,18081,18026,119.0,117.0,59.0,111.0,3.0,1887795.0,2.0,,,1887795.0,, ,
2024-01-02,,1101,台泥,18026,17825,117.0,117.0,51.0,252.0,,1887795.0,,,,1887795.0,, ,
2024-01-03,,1101,台泥,17825,17805,117.0,106.0,80.0,100.0,,1887795.0,15.0,4.0,,1887795.0,, ,
2024-01-23,,1101,台泥,16437,16467,113,103,133,91,12,1887795,13,3,,1887795,, ,
