日期,成交股數,成交金額,開盤價,最高價,最低價,收盤價,漲跌價差,成交筆數,filter,5MA,10MA,20MA,rsv,k,d
111/03/01,14071999.0,671571062.0,47.8,47.85,47.5,47.8,+0.45,7420.0,False,,,,,,
111/03/02,8187419.0,391264267.0,47.8,48.0,47.6,48.0,+0.20,5924.0,False,,,,,,
111/03/03,7565742.0,362783289.0,47.95,48.05,47.8,48.05,+0.05,5946.0,False,,,,,,
111/03/04,11071393.0,527906917.0,47.8,47.85,47.5,47.65,-0.40,7319.0,False,,,,,,
111/03/07,16991368.0,799794535.0,47.45,47.45,46.9,47.1,-0.55,10408.0,False,47.72,,,,,
111/03/08,15765001.0,740634811.0,47.0,47.15,46.85,46.95,-0.15,10827.0,False,47.55,,,,,
111/03/09,5574119.0,263339339.0,47.3,47.4,47.05,47.25,+0.30,6186.0,False,47.4,,,,,
111/03/10,9473999.0,449341382.0,47.25,47.7,47.2,47.6,+0.35,7081.0,False,47.31,,,,,
111/03/11,6628133.0,314674943.0,47.4,47.6,47.3,47.45,-0.15,5990.0,False,47.269999999999996,,,0.500000000000003,0.500000000000001,0.5000000000000003
111/03/14,8145858.0,387379146.0,47.45,47.7,47.4,47.55,+0.10,4019.0,False,47.36,47.54,,0.5833333333333318,0.5277777777777779,0.5092592592592595
111/03/15,10726325.0,512296860.0,47.5,48.0,47.4,47.95,+0.40,6660.0,False,47.56,47.555,,0.9166666666666711,0.657407407407409,0.5586419753086427
111/03/16,11338304.0,542030764.0,47.95,48.0,47.65,47.85,-0.10,10724.0,False,47.68000000000001,47.54,,0.8695652173913054,0.7281266774020412,0.6151368760064422
111/03/17,16944622.0,813351211.0,48.1,48.2,47.85,48.0,+0.15,8724.0,False,47.760000000000005,47.535000000000004,,0.8518518518518499,0.769368402218644,0.6665473847438428
111/03/18,31706672.0,1543567101.0,48.1,48.95,48.1,48.95,+0.95,11444.0,False,48.06,47.665,,1.0,0.846245601479096,0.7264467903222604
111/03/21,24218852.0,1201577110.0,49.1,49.85,49.05,49.75,+0.80,11523.0,False,48.5,47.92999999999999,,0.9642857142857139,0.8855923057479685,0.7794952954641632
111/03/22,11071398.0,548096701.0,49.7,49.75,49.3,49.7,-0.05,7671.0,False,48.85,48.205,,0.9433962264150948,0.9048602793036773,0.8212836234106679
111/03/23,12576912.0,623463730.0,49.7,49.7,49.45,49.65,-0.05,7228.0,False,49.209999999999994,48.445,,0.9215686274509794,0.9104297286861113,0.8509989918358156
111/03/24,14107140.0,703050244.0,49.65,49.95,49.45,49.95,+0.30,8976.0,False,49.60000000000001,48.68,,1.0,0.9402864857907407,0.8807614898207906
111/03/25,8811114.0,437798442.0,49.9,49.9,49.55,49.7,-0.25,5374.0,False,49.75,48.905,,0.9019607843137256,0.927511251965069,0.8963447438688834
111/03/28,8572124.0,423622397.0,49.4,49.75,49.1,49.7, 0.00,4959.0,False,49.74,49.120000000000005,48.33,0.8913043478260871,0.9154422839187417,0.9027105905521695
111/03/29,8073707.0,401943209.0,49.8,50.2,49.5,49.8,+0.10,6142.0,False,49.76,49.305,48.43,0.8297872340425508,0.886890600626678,0.8974372605770056
111/03/30,9669039.0,481993796.0,49.85,50.0,49.7,49.85,+0.05,5873.0,False,49.8,49.505,48.5225,0.8333333333333328,0.8690381781955628,0.8879708997831913
111/03/31,15226850.0,761489214.0,49.95,50.2,49.85,49.9,+0.05,8224.0,False,49.79,49.69500000000001,48.614999999999995,0.7391304347826063,0.8257355970579107,0.8672257988747644
111/04/01,9917831.0,493504834.0,49.7,50.0,49.45,49.75,-0.15,7457.0,False,49.8,49.775,48.72,0.5909090909090888,0.7474600950083033,0.8273038975859439
111/04/06,10985331.0,548362617.0,49.75,50.2,49.6,50.2,+0.45,5728.0,False,49.9,49.82,48.875,1.0,0.8316400633388689,0.8287492861702521
111/04/07,11245643.0,559937105.0,49.8,50.2,49.5,49.55,-0.65,7769.0,False,49.85,49.805,49.005,0.4090909090909047,0.6907903452562141,0.7827629725322394
111/04/08,6494233.0,322457815.0,49.6,49.8,49.4,49.8,+0.25,4598.0,False,49.839999999999996,49.82,49.13250000000001,0.6363636363636317,0.6726481089586867,0.7460580180077218
111/04/11,8089418.0,400306570.0,49.8,49.95,49.1,49.45,-0.35,8178.0,False,49.75,49.77,49.225,0.31818181818181906,0.5544926786997308,0.6822029049050581
111/04/12,36482148.0,1761556194.0,49.4,49.4,47.8,48.0,-1.45,22999.0,False,49.4,49.6,49.2525,0.08333333333333431,0.3974395635775987,0.5872817911292383
111/04/13,20257841.0,972389110.0,48.15,48.6,47.75,48.0, 0.00,16727.0,False,48.959999999999994,49.43,49.275,0.10204081632653049,0.2989733144939093,0.49117896558412855
111/04/14,18163935.0,867688643.0,48.3,48.3,47.6,47.7,-0.30,11038.0,False,48.59,49.22,49.2625,0.038461538461538984,0.2121360558164525,0.3981646623282365
111/04/15,22509963.0,1063530927.0,47.5,47.55,47.05,47.1,-0.60,15639.0,False,48.05,48.94500000000001,49.225,0.015873015873017197,0.14671504250197406,0.314348122386149
111/04/18,25129762.0,1173068787.0,47.3,47.3,46.4,46.5,-0.60,16266.0,False,47.46,48.605,49.15,0.026315789473684556,0.10658195815921089,0.24509273431050296
111/04/19,22009910.0,1006696203.0,46.5,46.6,46.2,46.35,-0.15,11469.0,False,47.13,48.265,49.02,0.037499999999999645,0.08355463877280714,0.19124670246460435
111/04/20,20827417.0,967720378.0,46.5,46.75,46.4,46.6,+0.25,8722.0,False,46.85,47.905,48.8625,0.10666666666666628,0.09125864807076017,0.15791735099998963
111/04/21,19043921.0,889869402.0,46.85,47.15,46.5,46.8,+0.20,8793.0,False,46.67,47.629999999999995,48.7175,0.15999999999999848,0.11417243204717294,0.14333571134905074
111/04/22,15422941.0,718919209.0,46.7,46.7,46.4,46.55,-0.25,6455.0,False,46.56,47.305,48.5625,0.10937499999999836,0.11257328803144807,0.13308157024318318
111/04/25,22278056.0,1029547261.0,46.35,46.4,46.05,46.1,-0.45,10791.0,False,46.480000000000004,46.97,48.37,0.019607843137256543,0.08158480640005089,0.11591598229547241
111/04/26,16968438.0,783380328.0,46.25,46.4,46.1,46.2,+0.10,6634.0,False,46.45,46.79,48.19500000000001,0.06666666666666919,0.07661209315559032,0.10281468591551171
111/04/27,26325735.0,1208829840.0,46.15,46.15,45.7,45.8,-0.40,13065.0,False,46.29,46.57,48.0,0.05405405405405115,0.0690927467884106,0.09157403953981133
111/04/28,22709193.0,1041619105.0,46.0,46.1,45.5,46.1,+0.30,9014.0,False,46.15,46.410000000000004,47.815000000000005,0.33333333333333465,0.15717294230338527,0.11344034046100264
111/04/29,23092262.0,1064003213.0,46.2,46.45,45.9,45.9,-0.20,9340.0,False,46.019999999999996,46.29,47.6175,0.24242424242424176,0.18559004234367077,0.13749024108855867
111/05/03,23968613.0,1088068092.0,45.9,45.9,45.1,45.35,-0.55,15424.0,False,45.87,46.175,47.39,0.12195121951219529,0.1643771013998456,0.14645252785898766
111/05/04,11217879.0,508781908.0,45.35,45.6,45.25,45.5,+0.15,6188.0,False,45.730000000000004,46.089999999999996,47.1775,0.19512195121951179,0.17462538467306765,0.15584348013034766
111/05/05,9393350.0,428713516.0,45.75,45.75,45.5,45.6,+0.10,5531.0,False,45.69,45.989999999999995,46.947500000000005,0.3124999999999997,0.220583589782045,0.17742351668091344
111/05/06,14855830.0,670716709.0,45.35,45.35,45.1,45.1,-0.50,10085.0,False,45.489999999999995,45.82000000000001,46.725,0.0,0.14705572652136334,0.1673009199610634
111/05/09,20101665.0,892540552.0,45.0,45.05,44.15,44.25,-0.85,15683.0,False,45.160000000000004,45.59,46.4475,0.04347826086956576,0.1125299046374308,0.14904391485318585
111/05/10,19613514.0,860479194.0,44.0,44.1,43.65,43.85,-0.40,12140.0,False,44.86,45.364999999999995,46.167500000000004,0.07142857142857234,0.09882946023447797,0.13230576331361654
111/05/11,33877400.0,1446335005.0,42.5,42.95,42.5,42.65,-1.20,23764.0,False,44.29,45.010000000000005,45.9,0.03797468354430341,0.07854453467108645,0.1143853537661065
111/05/12,43856703.0,1809844078.0,42.5,42.55,40.8,40.8,-1.85,28776.0,False,43.33,44.510000000000005,45.540000000000006,0.0,0.05236302311405763,0.09371124354875687
111/05/13,23315151.0,964550126.0,40.9,41.8,40.8,41.6,+0.80,10783.0,False,42.63,44.059999999999995,45.235,0.15686274509804002,0.08719626377538509,0.0915395836242996
111/05/16,25056730.0,1034064589.0,41.6,41.7,41.0,41.25,-0.35,12850.0,False,42.029999999999994,43.595,44.9425,0.09090909090909143,0.08843387281995387,0.09050434668951769
111/05/17,22795141.0,946271377.0,41.5,41.65,41.25,41.5,+0.25,8715.0,False,41.559999999999995,43.21,44.6925,0.1414141414141419,0.10609396235134988,0.09570088524346175
111/05/18,27849756.0,1152854765.0,41.6,41.7,41.1,41.6,+0.10,14922.0,False,41.35,42.82000000000001,44.455,0.1758241758241766,0.1293373668422921,0.10691304577640519
111/05/19,20462182.0,841890557.0,41.4,41.4,41.05,41.1,-0.50,9520.0,False,41.410000000000004,42.37,44.18,0.07058823529411865,0.10975432299290094,0.10786013818190376
111/05/20,40646175.0,1684989782.0,41.45,41.95,41.15,41.15,+0.05,8770.0,False,41.32000000000001,41.975,43.897499999999994,0.10606060606060635,0.1085230840154694,0.10808112012642564
111/05/23,17280755.0,713468777.0,41.5,41.55,41.15,41.2,+0.05,8993.0,False,41.31,41.67,43.63,0.18604651162790914,0.1343642265529493,0.11684215560193352
111/05/24,19456970.0,802334030.0,41.2,41.4,41.15,41.2, 0.00,6690.0,False,41.25,41.405,43.385000000000005,0.2285714285714318,0.16576662722577679,0.13315031280988127
111/05/25,18438561.0,767934402.0,41.3,41.9,41.25,41.65,+0.45,6066.0,False,41.26,41.305,43.1575,0.7391304347826063,0.35688789641138663,0.20772950734371637
111/05/26,18152195.0,763176626.0,41.8,42.45,41.7,41.7,+0.05,8638.0,False,41.38,41.394999999999996,42.9525,0.4827586206896562,0.39884480450414317,0.27143460639719197
111/05/27,20071483.0,845894688.0,41.55,42.4,41.55,42.2,+0.50,6971.0,False,41.589999999999996,41.455,42.7575,0.8214285714285722,0.5397060601456195,0.3608584243133345
111/05/30,21560606.0,924767975.0,42.55,43.05,42.55,42.8,+0.60,8696.0,False,41.910000000000004,41.61,42.6025,0.875,0.6514707067637463,0.4577291851301384
111/05/31,36095225.0,1539508562.0,42.8,42.9,42.4,42.6,-0.20,7636.0,False,42.190000000000005,41.720000000000006,42.464999999999996,0.7750000000000021,0.6926471378424982,0.5360351693675915
111/06/01,19795058.0,835926756.0,42.65,42.7,42.05,42.1,-0.50,10960.0,False,42.28,41.769999999999996,42.295,0.5000000000000019,0.6284314252283327,0.5668339213211719
111/06/02,15635195.0,652898107.0,42.0,42.0,41.65,41.7,-0.40,9086.0,False,42.28,41.83,42.1,0.28947368421052877,0.5154455115557314,0.5497044513993584
111/06/06,15240870.0,634134054.0,41.75,41.9,41.4,41.55,-0.15,9139.0,False,42.15,41.87,41.9225,0.2105263157894731,0.4138057796336453,0.5044048941441206
111/06/07,19700073.0,816340263.0,41.5,41.75,41.35,41.35,-0.20,10176.0,False,41.86,41.885000000000005,41.7775,0.055555555555556434,0.2943890382742823,0.43439960885417445
111/06/08,13043351.0,543619218.0,41.45,41.85,41.4,41.75,+0.40,5661.0,False,41.69,41.940000000000005,41.6725,0.23529411764705857,0.27469073139854105,0.3811633163689633
111/06/09,9486744.0,394796310.0,41.8,41.8,41.55,41.55,-0.20,5547.0,False,41.58,41.92999999999999,41.6175,0.1176470588235272,0.2223428405402031,0.3282231577593765
111/06/10,9201176.0,381212739.0,41.4,41.5,41.35,41.4,-0.15,6238.0,False,41.519999999999996,41.9,41.647499999999994,0.029411764705880753,0.1580324819287623,0.27149293248250506
111/06/13,28097786.0,1147487981.0,41.0,41.05,40.65,40.8,-0.60,20101.0,False,41.37,41.760000000000005,41.6075,0.06666666666666604,0.1275772101747302,0.22352102504658009
111/06/14,26184653.0,1051999654.0,40.5,40.55,40.05,40.1,-0.70,17090.0,False,41.120000000000005,41.489999999999995,41.55,0.018867924528303454,0.09134078162592128,0.17946094390636047
111/06/15,22446808.0,900720298.0,40.2,40.3,40.05,40.05,-0.05,12086.0,False,40.78,41.235,41.4775,0.0,0.06089385441728085,0.13993858074333393
111/06/16,28540994.0,1148784564.0,40.5,40.9,40.0,40.0,-0.05,11040.0,False,40.47,41.025,41.3975,0.0,0.0405959029448539,0.10682435481050725
111/06/17,38663827.0,1532736258.0,39.85,39.9,39.55,39.6,-0.40,17055.0,False,40.11,40.815000000000005,41.322500000000005,0.021739130434784423,0.03431031210816407,0.08265300724305952
111/06/20,29128271.0,1138099691.0,39.55,39.55,38.85,38.85,-0.75,16924.0,False,39.720000000000006,40.545,41.2075,0.0,0.02287354140544271,0.06272651863052058
111/06/21,17426357.0,686081904.0,39.0,39.6,38.95,39.45,+0.60,5920.0,False,39.589999999999996,40.355,41.12,0.20338983050847534,0.08304563777312025,0.06949955834472046
111/06/22,16121726.0,638570197.0,39.65,39.9,39.45,39.5,+0.05,6847.0,False,39.480000000000004,40.129999999999995,41.035,0.2452830188679241,0.13712476480472152,0.09204129383138748
111/06/23,18169035.0,712315058.0,39.75,39.9,39.0,39.0,-0.50,9524.0,False,39.28,39.875,40.902499999999996,0.06818181818181766,0.11414378259708689,0.09940879008662062
111/06/24,14996821.0,592218382.0,39.5,39.7,39.2,39.5,+0.50,6357.0,False,39.260000000000005,39.685,40.792500000000004,0.31707317073170704,0.18178691197529362,0.12686816404951162
111/06/27,16074967.0,642022815.0,40.0,40.25,39.75,39.8,+0.30,6664.0,False,39.45,39.584999999999994,40.6725,0.46341463414634004,0.2756628193656424,0.17646638248822188
111/06/28,10602408.0,420806790.0,40.1,40.1,39.6,39.6,-0.20,5462.0,False,39.480000000000004,39.535000000000004,40.5125,0.36585365853658586,0.30572643242262354,0.21955306579968908
111/06/29,15763786.0,623264030.0,39.7,39.8,39.4,39.55,-0.05,6192.0,False,39.489999999999995,39.485,40.36,0.49999999999999745,0.3704842882817482,0.26986347329370874
111/06/30,21627885.0,854349929.0,39.7,39.75,39.25,39.5,-0.05,7158.0,False,39.589999999999996,39.435,40.230000000000004,0.46428571428571375,0.40175143028307003,0.3138261256234958
111/07/01,26589368.0,1074167078.0,39.8,40.95,39.7,40.35,+0.85,12633.0,False,39.760000000000005,39.51,40.1625,0.6999999999999993,0.5011676201887131,0.3762732904785682
111/07/04,18974959.0,760515303.0,40.4,40.6,39.8,40.0,-0.35,11228.0,False,39.8,39.625,40.085,0.5128205128205121,0.505051917732646,0.4191994995632608
111/07/05,16004654.0,649439813.0,40.5,40.85,40.25,40.75,+0.75,7109.0,False,40.029999999999994,39.754999999999995,40.055,0.8974358974358961,0.6358465776337294,0.49141519225341695
111/07/06,13407656.0,539801426.0,40.85,41.0,40.0,40.0,-0.75,9248.0,False,40.120000000000005,39.80499999999999,39.9675,0.4444444444444436,0.572045866570634,0.5182920836924894
111/07/07,13228754.0,538401102.0,40.35,41.0,40.25,40.9,+0.90,6487.0,False,40.4,39.995,39.935,0.9428571428571421,0.6956496253328033,0.5774112642392606
111/07/08,14149002.0,576665961.0,41.0,41.05,40.5,40.8,-0.10,10340.0,False,40.489999999999995,40.125,39.905,0.8611111111111109,0.7508034539255725,0.6352086608013645
111/07/11,12752429.0,522410428.0,40.85,41.2,40.75,41.1,+0.30,5701.0,False,40.709999999999994,40.255,39.92,0.948717948717948,0.8167749521896976,0.6957307579308089
111/07/12,13367785.0,547447190.0,40.95,41.25,40.7,41.0,-0.10,7331.0,False,40.760000000000005,40.394999999999996,39.964999999999996,0.875,0.8361833014597984,0.742548272440472
111/07/13,18473460.0,772172704.0,42.0,42.2,41.5,41.8,+0.80,10239.0,False,41.120000000000005,40.62,40.052499999999995,0.8399999999999977,0.8374555343065314,0.7741840263958251
111/07/14,11354007.0,473635792.0,41.65,41.9,41.4,41.7,-0.10,5823.0,False,41.28,40.839999999999996,40.1375,0.7916666666666672,0.8221925784265767,0.7901868770727422
111/07/15,20372098.0,832746638.0,41.65,41.7,40.5,40.5,-1.20,12905.0,False,41.22,40.855000000000004,40.1825,0.227272727272727,0.6238859613752934,0.7347532385069258
111/07/18,37901546.0,1529215148.0,40.5,40.7,40.05,40.7,+0.20,9197.0,False,41.14,40.925,40.275,0.31818181818181906,0.5219845803108019,0.6638303524415511
111/07/19,25644935.0,1060280483.0,40.7,41.65,40.5,41.65,+0.95,9108.0,False,41.269999999999996,41.015,40.385000000000005,0.7441860465116266,0.5960517357110767,0.6412374801980596
111/07/20,26525827.0,1104742604.0,42.0,42.2,41.5,41.6,-0.05,12360.0,False,41.230000000000004,41.175,40.49,0.7209302325581396,0.6376779013267643,0.6400509539076278
111/07/21,45444390.0,1725306759.0,38.0,38.4,37.8,38.05,X0.00,27248.0,False,40.5,40.89,40.4425,0.05681818181818175,0.4440579948239034,0.5747199675463863
111/07/22,33477396.0,1263752220.0,38.1,38.2,37.6,37.7,-0.35,22376.0,False,39.94,40.58,40.352500000000006,0.02173913043478291,0.3032850400275299,0.48424165837343414
111/07/25,14642100.0,553651552.0,37.7,38.0,37.5,37.85,+0.15,7880.0,False,39.370000000000005,40.255,40.254999999999995,0.07446808510638324,0.22701272172048098,0.39849867948911644
111/07/26,14628613.0,553232389.0,37.85,37.95,37.65,37.8,-0.05,6047.0,False,38.6,39.935,40.165000000000006,0.06382978723404191,0.17261841022500127,0.32320525640107806
111/07/27,12495930.0,472730758.0,37.8,37.95,37.75,37.85,+0.05,5913.0,False,37.85,39.54,40.08,0.07446808510638324,0.13990163518546192,0.262104049329206
111/07/28,13759374.0,524253794.0,38.05,38.2,37.95,38.2,+0.35,7336.0,False,37.88,39.19,40.015,0.14893617021276648,0.14291314686123008,0.22237374850654734
111/07/29,13697407.0,528165878.0,38.5,38.75,38.35,38.75,+0.55,7547.0,False,38.089999999999996,39.015,39.934999999999995,0.26595744680851047,0.18392791351032353,0.2095584701744727
111/08/01,17110698.0,671679196.0,39.0,39.5,38.75,39.5,+0.75,9776.0,False,38.42,38.895,39.91,0.42553191489361675,0.2644625806380879,0.2278598403290111
111/08/02,19955061.0,780513754.0,39.05,39.45,39.0,39.15,-0.35,9799.0,False,38.690000000000005,38.644999999999996,39.83,0.8249999999999993,0.45130838709205834,0.30234268925002683
111/08/03,15977710.0,623077746.0,39.05,39.1,38.75,39.1,-0.05,8338.0,False,38.940000000000005,38.395,39.785,0.8000000000000007,0.5675389247280391,0.39074143440936426
111/08/04,18896588.0,733810251.0,39.05,39.2,38.55,38.75,-0.35,10586.0,False,39.05,38.464999999999996,39.677499999999995,0.625,0.5866926164853594,0.45605849510136265
111/08/05,11583378.0,450508108.0,39.1,39.15,38.8,38.85,+0.10,8390.0,False,39.07,38.58,39.58,0.6486486486486497,0.6073446272064562,0.5064872058030605
111/08/08,12651503.0,487687121.0,38.85,38.85,38.3,38.7,-0.15,7318.0,False,38.910000000000004,38.665,39.46,0.5428571428571445,0.585848799090019,0.5329410702320466
111/08/09,14831229.0,569783300.0,38.6,38.75,38.2,38.75,+0.05,9803.0,False,38.83,38.76,39.347500000000004,0.5161290322580636,0.5626088768127004,0.5428303390922645
111/08/10,13005899.0,502018549.0,38.6,38.8,38.35,38.75, 0.00,6512.0,False,38.760000000000005,38.85,39.19500000000001,0.4230769230769218,0.5160982255674409,0.5339196345839899
111/08/11,21760411.0,848981726.0,38.45,39.35,38.45,39.35,+0.60,8627.0,False,38.88,38.964999999999996,39.0775,0.8846153846153855,0.6389372785834224,0.568925515917134
111/08/12,12305588.0,482415186.0,39.15,39.35,39.0,39.3,-0.05,8548.0,False,38.970000000000006,39.019999999999996,39.0175,0.8799999999999955,0.7192915190556134,0.6190475169632937
111/08/15,12173803.0,477458592.0,39.3,39.45,39.0,39.3, 0.00,6719.0,False,39.089999999999996,39.0,38.9475,0.8799999999999955,0.7728610127037407,0.6703186822101094
111/08/16,13078181.0,514161618.0,39.5,39.55,39.1,39.35,+0.05,6445.0,False,39.209999999999994,39.019999999999996,38.832499999999996,0.8518518518518544,0.7991912924197786,0.7132762189466657
111/08/17,16463976.0,651431576.0,39.4,40.0,39.2,40.0,+0.65,9075.0,False,39.459999999999994,39.11,38.7525,1.0,0.8661275282798524,0.7642266553910613
111/08/18,14155029.0,561346825.0,39.9,39.9,39.5,39.8,-0.20,7807.0,False,39.55,39.215,38.839999999999996,0.8888888888888872,0.873714648482864,0.8007226530883287
111/08/19,12838598.0,506351677.0,39.8,39.85,39.35,39.45,-0.35,7491.0,False,39.58,39.275,38.927499999999995,0.6944444444444455,0.8139579138033911,0.8051344066600161
111/08/22,12895868.0,506391584.0,39.25,39.65,39.05,39.65,+0.20,12379.0,False,39.65,39.370000000000005,39.0175,0.7878787878787868,0.8052648718285229,0.8051778950495183
111/08/23,14727193.0,577644132.0,39.5,39.5,39.1,39.35,-0.30,11351.0,False,39.65,39.43,39.095,0.5806451612903227,0.7303916349824562,0.7802491416938309
111/08/24,11181369.0,438491359.0,39.35,39.35,39.1,39.25,-0.10,8668.0,False,39.5,39.480000000000004,39.165,0.25,0.5702610899883042,0.7102531244586553
111/08/25,11760313.0,462870990.0,39.45,39.55,39.25,39.55,+0.30,8059.0,False,39.45,39.5,39.2325,0.5499999999999972,0.5635073933255351,0.6613378807476152
111/08/26,10985865.0,434986984.0,39.7,39.7,39.5,39.65,+0.10,8050.0,False,39.489999999999995,39.535,39.2775,0.6315789473684207,0.5861979113398303,0.6362912242783536
111/08/29,14566895.0,571043793.0,39.1,39.5,39.0,39.35,-0.30,9838.0,False,39.43,39.54,39.269999999999996,0.3500000000000014,0.507465274226554,0.5933492409277537
111/08/30,12468246.0,489710372.0,39.3,39.5,39.15,39.25,-0.10,7451.0,False,39.410000000000004,39.53,39.275,0.27777777777777823,0.43090277541029537,0.5392004190886008
111/08/31,24052882.0,944270175.0,39.25,39.4,39.1,39.3,+0.05,8118.0,False,39.42,39.46,39.285000000000004,0.3529411764705843,0.404915575763725,0.49443880464697554
111/09/01,24533738.0,956845310.0,39.1,39.15,38.8,38.9,-0.40,10813.0,False,39.29,39.37,39.292500000000004,0.111111111111112,0.306980754212854,0.43195278783560165
111/09/02,28281347.0,1092595981.0,38.9,39.0,38.4,38.5,-0.40,15458.0,False,39.06,39.275,39.275,0.07692307692307776,0.23029486178292854,0.3647334791513772
111/09/05,27130847.0,1055286796.0,38.55,39.2,38.5,39.1,+0.60,8721.0,False,39.01,39.220000000000006,39.295,0.5384615384615389,0.3330170873424653,0.3541613485484066
111/09/06,32802558.0,1298054540.0,39.2,39.85,39.2,39.85,+0.75,12954.0,False,39.129999999999995,39.269999999999996,39.35,1.0,0.5553447248949769,0.4212224739972633
111/09/07,25950306.0,1030450151.0,39.85,40.0,39.5,39.7,-0.15,13179.0,False,39.21,39.315,39.397499999999994,0.8125000000000019,0.6410631499299851,0.49450269930817053
111/09/08,17723487.0,704140532.0,39.8,39.9,39.55,39.85,+0.15,8762.0,False,39.4,39.345,39.4225,0.906250000000001,0.7294587666199903,0.5728213884121104
111/09/12,18390971.0,732001603.0,39.95,40.0,39.6,39.8,-0.05,7641.0,False,39.660000000000004,39.36,39.4475,0.8749999999999983,0.7779725110799929,0.6412050959680712
111/09/13,29044591.0,1157171826.0,40.0,40.0,39.7,39.9,+0.10,8832.0,False,39.82000000000001,39.415,39.477500000000006,0.9374999999999992,0.8311483407199949,0.704519510885379
111/09/14,19704767.0,782885961.0,39.45,39.85,39.4,39.65,-0.25,9113.0,False,39.779999999999994,39.455,39.4925,0.7812499999999993,0.8145155604799963,0.7411848607502514
111/09/15,25419554.0,1004936161.0,39.55,39.75,39.4,39.55,-0.10,11333.0,False,39.75,39.48,39.47,0.7187499999999984,0.7825937069866636,0.7549878094957221
111/09/16,47473365.0,1844994596.0,39.35,39.4,38.6,38.6,-0.95,19291.0,False,39.5,39.45,39.410000000000004,0.06666666666666761,0.5439513602133317,0.684642326401592
111/09/19,24531893.0,951348051.0,38.9,39.1,38.7,38.8,+0.20,9080.0,False,39.3,39.480000000000004,39.3775,0.14285714285713996,0.4102532877612678,0.5931793135214839
111/09/20,28918438.0,1118195467.0,38.7,39.05,38.55,38.55,-0.25,11776.0,False,39.03,39.425,39.322500000000005,0.0,0.2735021918408452,0.48662027296127097
111/09/21,39102889.0,1495556489.0,38.45,38.55,38.0,38.1,-0.45,18632.0,False,38.72,39.25,39.260000000000005,0.05000000000000071,0.19900146122723036,0.3907473357165907
111/09/22,48162654.0,1808397573.0,37.8,37.8,37.25,37.55,-0.55,22516.0,False,38.32,39.035,39.175,0.10909090909090806,0.1690312771817896,0.316841982871657
111/09/23,36464378.0,1355023454.0,37.1,37.25,37.0,37.0,-0.55,22451.0,False,38.0,38.75,39.0475,0.0,0.11268751812119306,0.24879049462150232
111/09/26,46963874.0,1699646863.0,36.6,36.6,35.85,35.85,-1.15,26486.0,False,37.41,38.355,38.8575,0.0,0.07512501208079536,0.19090200044126665
111/09/27,37458740.0,1341352684.0,35.7,36.2,35.6,35.8,-0.05,13763.0,False,36.86,37.945,38.68,0.04819277108433634,0.06614759841530901,0.14931719976594743
111/09/28,39820607.0,1403348594.0,35.8,35.8,34.9,34.9,-0.90,20142.0,False,36.22,37.47,38.4625,0.0,0.04409839894353934,0.11424426615847806
111/09/29,87657902.0,3000230813.0,34.5,34.75,33.9,34.15,-0.75,33135.0,False,35.54,36.93,38.205,0.04807692307692305,0.04542457365466725,0.09130436865720779
111/09/30,52376847.0,1772505004.0,33.8,34.05,33.6,33.8,-0.35,19173.0,False,34.9,36.45,37.95,0.036697247706421264,0.04251546500525192,0.0750414007732225
111/10/03,24684067.0,832590167.0,33.65,33.9,33.4,33.65,-0.15,11287.0,False,34.459999999999994,35.934999999999995,37.707499999999996,0.04854368932038836,0.044524873110297396,0.06486922488558079
111/10/04,30060356.0,1015009399.0,33.9,34.2,33.55,33.85,+0.20,12373.0,False,34.07000000000001,35.464999999999996,37.445,0.10227272727272795,0.06377415783110757,0.06450420253408971
111/10/05,28718119.0,984081897.0,34.25,34.4,34.05,34.15,+0.30,12562.0,False,33.92,35.07,37.16,0.19480519480519473,0.10745117015580327,0.07881985840799423
111/10/06,26081359.0,894031225.0,34.35,34.5,34.2,34.3,+0.15,8170.0,False,33.95,34.745,36.89,0.28124999999999933,0.16538411343720194,0.1076746100843968
111/10/11,40192863.0,1358579734.0,34.1,34.1,33.7,33.8,-0.45,10614.0,False,33.949999999999996,34.425,36.5875,0.14285714285714213,0.15787512324384867,0.12440811447088074
111/10/12,59046765.0,1987747028.0,33.75,34.0,33.6,33.75,-0.05,6510.0,False,33.97,34.214999999999996,36.285000000000004,0.145833333333334,0.15386119327367712,0.13422580740514617
111/10/13,54974157.0,1805184741.0,33.75,33.85,32.65,32.65,-1.10,21041.0,False,33.730000000000004,33.9,35.9225,0.0,0.10257412884911807,0.12367524788647012
111/10/14,58923074.0,1862074421.0,33.0,33.05,32.4,32.4,-0.25,16716.0,False,33.38,33.64999999999999,35.559999999999995,0.0,0.0683827525660787,0.1052444161130063
111/10/17,43016144.0,1361718767.0,32.3,32.3,31.4,31.7,-0.70,20592.0,False,32.86,33.405,35.167500000000004,0.09677419354838729,0.07784656622684823,0.09611179948428694
111/10/18,36805536.0,1159196903.0,31.85,32.0,31.2,31.45,-0.25,15060.0,False,32.39,33.17,34.809999999999995,0.07575757575757575,0.07715023607042407,0.08979127834633263
111/10/19,38895385.0,1235711494.0,31.45,32.05,31.4,31.6,+0.15,14584.0,False,31.96,32.964999999999996,34.45,0.12121212121212183,0.09183753111765665,0.09047336260344063
111/10/20,47838262.0,1473837695.0,31.2,31.35,30.6,30.9,-0.70,18284.0,False,31.610000000000003,32.67,34.067499999999995,0.07692307692307622,0.08686604638612982,0.08927092386433702
111/10/21,15342904.0,476003008.0,31.05,31.35,30.6,31.0,+0.10,7066.0,False,31.329999999999995,32.355000000000004,33.71249999999999,0.11428571428571388,0.09600593568599117,0.0915159278048884
111/10/24,22527644.0,696614309.0,31.5,31.6,30.6,30.6,-0.40,11190.0,False,31.110000000000003,31.984999999999996,33.364999999999995,0.0,0.0640039571239941,0.08234527091125697
111/10/25,38025797.0,1141954834.0,30.65,30.65,29.9,29.9,-0.70,23596.0,False,30.8,31.595,33.01,0.0,0.0426693047493294,0.06911994885728111
111/10/26,19619752.0,594117212.0,30.0,30.5,29.8,30.3,+0.40,8450.0,False,30.540000000000003,31.25,32.7325,0.15384615384615402,0.07972825444827093,0.07265605072094437
111/10/27,19455154.0,601217173.0,30.65,31.15,30.65,30.85,+0.55,8488.0,False,30.53,31.07,32.485,0.4200000000000009,0.1931521696321809,0.11282142369135653
111/10/28,16619033.0,509932732.0,30.95,31.15,30.35,30.5,-0.35,9311.0,False,30.43,30.880000000000003,32.265,0.3111111111111113,0.23247181679182433,0.1527048880581791
111/10/31,18689204.0,569041973.0,30.75,31.0,30.25,30.25,-0.25,9366.0,False,30.360000000000003,30.734999999999996,32.07000000000001,0.2,0.2216478778612162,0.17568588465919147
111/11/01,12710527.0,387993151.0,30.25,30.75,30.1,30.65,+0.40,5496.0,False,30.51,30.655,31.9125,0.4722222222222209,0.3051726593148844,0.21884814287775578
111/11/02,12326417.0,378839704.0,30.65,30.85,30.55,30.75,+0.10,6175.0,False,30.6,30.570000000000004,31.767500000000002,0.5277777777777771,0.37937436546918196,0.2723568837415645
111/11/03,17812868.0,539586682.0,30.25,30.4,30.15,30.3,-0.45,9520.0,False,30.49,30.509999999999998,31.589999999999996,0.2777777777777777,0.34550883623871387,0.29674086790728094
111/11/04,16410917.0,497841279.0,30.2,30.55,30.15,30.45,+0.15,6803.0,False,30.48,30.455000000000002,31.405,0.4814814814814812,0.3908330513196363,0.3281049290447327
111/11/07,16651649.0,513047849.0,30.6,31.0,30.5,31.0,+0.55,8053.0,False,30.630000000000003,30.495000000000005,31.240000000000002,0.8888888888888897,0.5568516638427208,0.40435384064406205
111/11/08,22950242.0,724895333.0,31.15,31.85,31.1,31.65,+0.65,12141.0,False,30.830000000000002,30.669999999999998,31.1325,0.8857142857142841,0.6664725377999086,0.4917267396960109
111/11/09,21909512.0,698442421.0,31.65,32.1,31.55,31.9,+0.25,10489.0,False,31.060000000000002,30.829999999999995,31.04,0.8999999999999986,0.7443150251999385,0.5759228348639868
111/11/10,15522237.0,494187316.0,31.7,32.2,31.55,31.7,-0.20,8199.0,False,31.339999999999996,30.915,30.9925,0.7619047619047604,0.7501782707682125,0.6340079801653953
111/11/11,22047691.0,708385209.0,32.3,32.45,31.9,32.15,+0.45,9720.0,False,31.68,31.080000000000002,30.98,0.8723404255319132,0.7908989890227793,0.6863049831178566
111/11/14,62302906.0,2097068043.0,32.45,34.4,32.25,34.15,+2.00,26155.0,False,32.31,31.47,31.1025,0.9411764705882353,0.8409914828779312,0.7378671497045481
111/11/15,48301092.0,1616879916.0,33.95,33.95,33.0,33.85,-0.30,23138.0,False,32.75,31.79,31.222500000000004,0.8705882352941183,0.8508570670166602,0.7755304554752521
111/11/16,49033370.0,1625668484.0,33.5,33.6,32.9,32.9,-0.95,22914.0,False,32.95,32.004999999999995,31.2875,0.6470588235294118,0.7829243191875773,0.7779950767126937
111/11/17,73658057.0,2514657750.0,33.55,34.7,33.5,34.25,+1.35,28998.0,False,33.46,32.4,31.455000000000002,0.8928571428571422,0.8195685937440988,0.7918529157231621
111/11/18,68505333.0,2291474998.0,33.7,34.1,33.2,33.3,-0.95,22841.0,False,33.69,32.684999999999995,31.570000000000004,0.6111111111111097,0.7500827661997691,0.7779295325486977
111/11/21,25643130.0,843911446.0,33.3,33.35,32.8,32.85,-0.45,12816.0,False,33.43,32.87,31.682499999999997,0.4126984126984126,0.6376213150326503,0.7311601267100152
111/11/22,24386731.0,795321133.0,32.75,32.8,32.5,32.65,-0.20,11288.0,False,33.19,32.97,31.820000000000004,0.3492063492063483,0.5414829930905496,0.6679344155035266
111/11/23,20364472.0,666800882.0,32.85,33.1,32.55,32.7,+0.05,8805.0,False,33.15,33.05,31.939999999999998,0.2857142857142868,0.45622675729846196,0.5973651961018384
111/11/24,28488624.0,937328550.0,33.0,33.2,32.7,33.2,+0.50,9282.0,False,32.940000000000005,33.2,32.0575,0.38775510204081703,0.43340287221258034,0.5427110881387524
111/11/25,28320443.0,945463562.0,33.1,33.55,33.1,33.55,+0.35,10445.0,False,32.989999999999995,33.339999999999996,32.209999999999994,0.47727272727272535,0.4480261572326287,0.5111494445033777
111/11/28,40748644.0,1347704448.0,33.3,33.4,32.8,33.0,-0.55,15533.0,False,33.02,33.225,32.3475,0.227272727272727,0.37444168057932814,0.46558018986202787
111/11/29,22191940.0,738534201.0,33.05,33.55,32.85,33.55,+0.55,8721.0,False,33.2,33.195,32.49249999999999,0.47727272727272535,0.40871869614379386,0.44662635862261646
111/11/30,45523042.0,1534019694.0,33.35,33.9,33.2,33.9,+0.35,11185.0,False,33.440000000000005,33.295,32.65,0.8749999999999983,0.5641457974291952,0.48579950489147605
111/12/01,38360071.0,1305308569.0,34.4,34.4,33.8,34.05,+0.15,15079.0,False,33.61,33.275,32.8375,0.8157894736842096,0.6480270228475333,0.5398753442101618
111/12/02,23339192.0,786582050.0,33.9,33.9,33.6,33.65,-0.40,10434.0,False,33.63,33.31,32.997499999999995,0.6052631578947365,0.633772401196601,0.5711743632056415
111/12/05,31251800.0,1047969700.0,33.45,33.8,33.25,33.7,+0.05,12528.0,False,33.769999999999996,33.394999999999996,33.1325,0.6216216216216243,0.6297221413382754,0.5906902892498528
111/12/06,21494479.0,718594128.0,33.65,33.65,33.3,33.3,-0.40,10050.0,False,33.72,33.46,33.214999999999996,0.35294117647058576,0.5374618197157122,0.5729474660718059
111/12/07,22038936.0,733806535.0,33.2,33.5,33.05,33.35,0.05,8695.0,False,33.61,33.525,33.2875,0.34375000000000233,0.47289121314380883,0.5395953817624736
111/12/08,14180000.0,470975000.0,33.3,33.35,33.15,33.2,-0.15,5741.0,False,33.440000000000005,33.52499999999999,33.3625,0.25000000000000333,0.3985941420958736,0.49259496854027357
111/12/09,20536496.0,692015667.0,33.4,33.9,33.25,33.7,0.5,8160.0,False,33.45,33.540000000000006,33.44,0.5483870967741955,0.44852512698864755,0.4779050213563982
111/12/12,12505757.0,421677149.0,33.7,33.9,33.55,33.85,0.15,6124.0,False,33.480000000000004,33.625,33.425,0.5925925925925951,0.4965476155232967,0.484119219412031
111/12/13,20955961.0,708647144.0,33.9,34.2,33.6,33.7,-0.15,8602.0,False,33.56,33.64,33.417500000000004,0.4814814814814852,0.4915255708426928,0.4865880032222516
111/12/14,19364726.0,650226282.0,34.0,34.0,33.5,33.5,-0.2,8395.0,False,33.59,33.6,33.447500000000005,0.3913043478260875,0.4581184965038243,0.47709816764944246
111/12/15,13896000.0,465693850.0,33.55,33.7,33.4,33.55,0.05,5208.0,False,33.660000000000004,33.55,33.4125,0.43478260869565005,0.45033986723443287,0.46817873417777256
111/12/16,71559000.0,2420430950.0,33.2,34.6,33.0,34.6,1.05,15986.0,False,33.84,33.645,33.477500000000006,1.0,0.6335599114896219,0.5233057932817223
111/12/19,78952465.0,2674477765.0,34.15,34.2,33.6,33.85,-0.75,18791.0,False,33.84,33.660000000000004,33.5275,0.5312500000000004,0.5994566076597481,0.5486893980743975
111/12/20,67004744.0,2260348425.0,33.7,34.05,33.55,33.7,-0.15,16302.0,False,33.839999999999996,33.7,33.58,0.4375000000000014,0.5454710717731658,0.5476166226406536
111/12/21,67319000.0,2287664600.0,33.8,34.1,33.55,34.05,0.35,13536.0,False,33.95,33.77,33.6475,0.6562499999999977,0.5823973811821097,0.5592102088211389
111/12/22,71623587.0,2469758507.0,34.2,34.8,34.05,34.45,0.4,16685.0,False,34.129999999999995,33.895,33.709999999999994,0.8055555555555584,0.6567834393065926,0.5917346189829568
111/12/25,23483856.0,804299895.0,34.15,34.6,33.8,34.05,-0.4,10819.0,False,34.019999999999996,33.92999999999999,33.735,0.5833333333333327,0.6323000706488392,0.6052564362049175
111/12/26,12361474.0,424140679.0,34.35,34.45,34.1,34.4,0.35,5761.0,False,34.13,33.985,33.805,0.7777777777777782,0.6807926396918189,0.6304351707005513
111/12/27,11426803.0,394169733.0,34.55,34.7,34.3,34.3,-0.1,6494.0,False,34.24999999999999,34.045,33.842499999999994,0.7222222222222218,0.6946025005352865,0.651824280645463
111/12/28,13748000.0,470267800.0,34.15,34.35,33.95,34.3,0.0,4599.0,False,34.3,34.125,33.8625,0.7222222222222218,0.7038090744309315,0.6691525452406192
111/12/29,13483783.0,456027492.0,34.25,34.25,33.7,33.7,-0.6,6848.0,False,34.15,34.14,33.845,0.12000000000000455,0.5092060496206225,0.6158370467006202
111/12/30,8560973.0,289086842.0,33.9,34.0,33.65,33.65,-0.05,3901.0,False,34.07,34.045,33.845000000000006,0.08000000000000114,0.3661373664137487,0.5326038199383297
112/01/03,11654098.0,390507579.0,33.6,33.75,33.3,33.5,-0.15,5607.0,,33.89,34.010000000000005,33.835,0.13333333333333522,0.2885360220536109,0.4512478873100901
112/01/04,10493097.0,352240731.0,33.65,33.75,33.5,33.5, 0.00,4256.0,,33.730000000000004,33.989999999999995,33.845000000000006,0.13333333333333522,0.23680179248018565,0.37976585570012195
112/01/05,27376555.0,942670410.0,34.15,34.7,34.05,34.45,+0.95,12553.0,,33.760000000000005,34.03,33.9,0.8214285714285722,0.4316773854629812,0.39706969895440836
112/01/06,13688284.0,469388543.0,34.45,34.6,34.1,34.25,-0.20,6614.0,,33.870000000000005,34.01,33.9525,0.6785714285714278,0.5139753998324634,0.43603826591376005
112/01/09,15635866.0,539378196.0,34.6,34.65,34.35,34.6,+0.35,7003.0,,34.06,34.065,33.9975,0.9285714285714278,0.6521740760787849,0.5080835359687683
112/01/10,11462979.0,395644559.0,34.65,34.7,34.35,34.6, 0.00,5577.0,,34.28,34.085,34.035000000000004,0.9285714285714278,0.7443065269096658,0.5868245329490674
112/01/11,15386976.0,534026570.0,34.7,34.85,34.55,34.7,+0.10,7444.0,,34.52,34.125,34.084999999999994,0.9032258064516141,0.7972796200903152,0.6569762286628167
112/01/12,26778048.0,944788978.0,34.75,35.5,34.7,35.4,+0.70,14584.0,,34.71,34.235,34.18,0.9545454545454539,0.8497015649086948,0.7212180074114427
112/01/13,41631836.0,1502375700.0,35.55,36.3,35.55,36.15,+0.75,22477.0,,35.09,34.48,34.31,0.9500000000000005,0.8831343766057966,0.7751901304762273
112/01/16,34494589.0,1259264414.0,36.55,36.9,36.15,36.5,+0.35,19191.0,,35.47,34.765,34.405,0.882352941176471,0.8828738981293547,0.8110847196939364
112/01/17,21499697.0,775770365.0,36.45,36.45,35.9,36.0,-0.50,12469.0,,35.75,35.015,34.5125,0.6842105263157902,0.8166527741914997,0.8129407378597908
112/01/30,39966741.0,1472016568.0,37.2,37.25,36.5,36.95,+0.95,15895.0,,36.2,35.36,34.675,0.9047619047619057,0.846022484381635,0.8239679867004055
112/01/31,23934138.0,873618656.0,36.9,36.9,36.25,36.25,-0.70,12712.0,,36.370000000000005,35.540000000000006,34.785,0.6551724137931033,0.7824057941854577,0.8101139225287561
112/02/01,15215064.0,557059198.0,36.45,36.75,36.3,36.75,0.5,8229.0,False,36.489999999999995,35.790000000000006,34.9,0.8275862068965516,0.7974659317558224,0.8058979256044448
112/02/02,14814809.0,544700449.0,36.85,36.9,36.55,36.8,0.05,8361.0,,36.55,36.010000000000005,35.0375,0.8333333333333325,0.809421732281659,0.8070725278301829
112/02/03,16800332.0,612061416.0,36.75,36.75,36.3,36.45,-0.35,8792.0,,36.64,36.195,35.14,0.6862745098039224,0.7683726581224135,0.7941725712609264
112/02/06,18914974.0,684900126.0,36.4,36.45,36.0,36.15,-0.3,10168.0,,36.480000000000004,36.339999999999996,35.2325,0.3529411764705885,0.6298954975718052,0.739413546697886
112/02/07,12818745.0,468441190.0,36.2,36.65,36.2,36.65,0.5,6835.0,,36.559999999999995,36.464999999999996,35.35,0.555555555555555,0.6051155168997218,0.6946475367651646
112/02/08,12201334.0,447257491.0,36.55,36.8,36.5,36.75,0.1,6313.0,,36.56,36.525,35.502500000000005,0.62962962962963,0.6132868878096911,0.6675273204466734
112/02/09,11379279.0,417204418.0,36.7,36.8,36.55,36.6,-0.15,5317.0,,36.519999999999996,36.535000000000004,35.650000000000006,0.48000000000000115,0.5688579252064611,0.6346375220332693
112/02/11,15578283.0,573100181.0,36.55,37.0,36.45,36.85,0.25,7463.0,,36.6,36.620000000000005,35.817499999999995,0.8500000000000014,0.6625719501376411,0.6439489980680599
112/02/13,14617556.0,540767586.0,36.9,37.15,36.7,37.0,0.15,7689.0,,36.77,36.625,35.99249999999999,0.8695652173913054,0.7315697058888626,0.6731559006749941
112/02/14,23984629.0,897989071.0,37.2,37.8,37.15,37.25,0.25,11025.0,,36.89,36.725,36.1325,0.6944444444444455,0.7191946187407235,0.6885021400302372
112/02/15,19116424.0,719132693.0,37.35,37.85,37.3,37.55,0.3,11069.0,,37.05,36.80499999999999,36.2975,0.8378378378378356,0.7587423584397609,0.711915546166745
112/02/17,18234212.0,688163008.0,37.4,38.0,37.25,38.0,0.5,9608.0,,37.33,36.925,36.4675,1.0,0.8391615722931738,0.7543308882088879
112/02/20,16664374.0,634546656.0,37.95,38.4,37.8,38.25,0.25,10140.0,,37.61,37.105,36.65,0.9318181818181823,0.8700471088015099,0.7929029617397618
112/02/21,9443068.0,361950570.0,38.4,38.5,38.15,38.35,0.1,6552.0,,37.88,37.325,36.8325,0.9268292682926835,0.8889744952985676,0.8249268062593637
112/02/22,19617132.0,745735095.0,38.15,38.3,37.85,38.05,-0.3,10712.0,,38.04,37.465,36.964999999999996,0.7804878048780471,0.852812265158394,0.8342219592257071
112/02/24,68799746.0,2697012499.0,39.65,39.7,39.05,39.15,-0.35,21776.0,,38.36,37.705,37.114999999999995,0.8307692307692295,0.8454645870286724,0.8379695018266955
112/03/01,50523994.0,1927207900.0,38.85,38.85,37.6,37.8,-1.35,26280.0,,38.32,37.825,37.17999999999999,0.36666666666666475,0.6858652802413365,0.7872680946315758
112/03/02,18212319.0,687326038.0,37.8,38.15,37.45,37.9,0.1,10091.0,,38.25,37.92999999999999,37.275,0.29411764705882304,0.5552827358471654,0.7099396417034389
112/03/04,14693838.0,555369779.0,38.1,38.15,37.65,37.75,-0.15,8865.0,,38.13,38.004999999999995,37.315000000000005,0.20408163265306098,0.4382157014491305,0.6193649949520028
112/03/06,12088991.0,459311195.0,38.0,38.1,37.85,37.95,0.2,7352.0,,38.11,38.075,37.4,0.28571428571428653,0.3873818962041825,0.542037295369396
112/03/07,12798027.0,486043747.0,38.05,38.1,37.9,37.95,0.0,7279.0,,37.87,38.115,37.46,0.2222222222222222,0.3323286715435291,0.4721344207607737
112/03/08,21791272.0,820456422.0,37.85,37.9,37.5,37.75,-0.2,15164.0,,37.86,38.089999999999996,37.5075,0.13333333333333208,0.26599689214013006,0.40342191122055915
112/03/09,23896022.0,893532917.0,37.75,37.85,37.15,37.2,-0.55,17250.0,,37.72,37.985,37.545,0.019607843137256543,0.18386720913917223,0.3302370105267635
112/03/10,25192335.0,925036302.0,36.9,36.9,36.6,36.7,-0.5,18663.0,,37.510000000000005,37.82,37.5725,0.032258064516129475,0.13333082759815798,0.26460161621722833
112/03/13,22518921.0,823166227.0,36.45,37.0,36.15,36.75,0.05,12938.0,,37.27,37.69,37.5775,0.22222222222222252,0.16296129247284613,0.23072150830243424
112/03/14,17569854.0,644482495.0,36.4,37.0,36.3,36.75,0.0,9564.0,,37.03,37.45,37.5775,0.3000000000000007,0.20864086164856432,0.22336129275114425
112/03/15,15657070.0,581231855.0,36.9,37.3,36.9,37.1,0.35,7787.0,,36.9,37.38,37.6025,0.4750000000000014,0.29742724109904334,0.24804994220044393
112/03/16,20235848.0,739856223.0,36.9,37.0,36.3,36.35,-0.75,12792.0,,36.730000000000004,37.22500000000001,37.5775,0.10256410256410388,0.23247286158739683,0.2428575819960949
112/03/17,31846968.0,1161360960.0,36.6,36.75,36.35,36.4,0.05,10838.0,,36.67,37.09,37.5475,0.12820512820512803,0.19771695045997387,0.22781070481738785
112/03/20,11109324.0,409265756.0,36.5,37.0,36.5,36.9,0.5,5530.0,,36.7,36.985,37.53,0.42857142857142855,0.2746684431637921,0.2434299509328559
112/03/21,11610765.0,430907669.0,37.0,37.35,37.0,37.05,0.15,6067.0,,36.76,36.894999999999996,37.505,0.5294117647058806,0.35958288367782154,0.28214759518117777
112/03/22,16701571.0,622440371.0,37.25,37.4,37.15,37.2,0.15,7842.0,,36.78,36.839999999999996,37.464999999999996,0.8400000000000034,0.5197219224518821,0.36133903760474584
112/03/23,14477921.0,540617189.0,37.4,37.55,37.2,37.35,0.15,6766.0,,36.980000000000004,36.855000000000004,37.42,0.8571428571428601,0.6321955673488747,0.45162454751945547
112/03/24,13819470.0,518774687.0,37.4,37.7,37.3,37.6,0.25,7020.0,,37.22,36.94500000000001,37.3825,0.9285714285714278,0.7309875210897256,0.5447455387095455
112/03/27,25738990.0,946768182.0,37.0,37.1,36.6,36.65,-0.95,16047.0,,37.17,36.935,37.3125,0.25,0.5706583473931505,0.5533831416040804
112/03/28,27286673.0,989223660.0,36.6,36.65,36.1,36.2,-0.45,19140.0,,37.0,36.88,37.165000000000006,0.06250000000000083,0.4012722315954339,0.5026795049345316
112/03/29,12924440.0,468226155.0,36.25,36.4,36.05,36.35,0.15,8593.0,,36.83,36.805,37.092499999999994,0.18181818181818377,0.32812088166968384,0.4444932971795823
112/03/30,12765508.0,461861115.0,36.45,36.45,36.05,36.2,-0.15,8053.0,,36.6,36.79,37.0075,0.09090909090909403,0.2490502847494872,0.3793456263695506
112/03/31,11099743.0,404695707.0,36.2,36.6,36.1,36.4,0.2,5198.0,,36.36,36.79,36.94,0.21212121212121224,0.23674059387339555,0.3318106155374989
112/04/06,13621330.0,495780774.0,36.65,36.7,36.2,36.45,0.05,5740.0,,36.32000000000001,36.745000000000005,36.865,0.24242424242424504,0.23863514339034536,0.30075212482178104
112/04/07,11329490.0,412715913.0,36.45,36.55,36.35,36.4,-0.05,4543.0,,36.36,36.68,36.7875,0.21212121212121224,0.22979716630063432,0.2771004719813988
112/04/10,15386152.0,560616944.0,36.45,36.6,36.3,36.6,0.2,6628.0,,36.410000000000004,36.620000000000005,36.730000000000004,0.33333333333333476,0.2643092219782011,0.27283672198033293
112/04/11,32191913.0,1199260574.0,36.75,37.65,36.75,37.45,0.85,14187.0,,36.660000000000004,36.63,36.74249999999999,0.8750000000000028,0.467872814652135,0.3378487528709336
112/04/12,21776337.0,818178869.0,37.6,37.85,37.45,37.45,0.0,9294.0,,36.870000000000005,36.614999999999995,36.78,0.7777777777777791,0.5711744690273497,0.41562399158973895
112/04/13,11791361.0,442521588.0,37.65,37.7,37.45,37.55,0.1,7208.0,,37.09,36.705,36.82000000000001,0.8333333333333314,0.6585607571293436,0.4966029134362738
112/04/14,11678009.0,437365379.0,37.6,37.65,37.3,37.55,0.0,6390.0,,37.32000000000001,36.84,36.86,0.8333333333333314,0.7168182825306728,0.5700080364677401
112/04/17,28131977.0,1070452844.0,37.65,38.3,37.65,37.95,0.4,12278.0,,37.589999999999996,37.0,36.902499999999996,0.8409090909090932,0.7581818853234796,0.6327326527529866
112/04/18,13555388.0,509593992.0,37.95,38.0,37.3,37.45,-0.5,9319.0,,37.589999999999996,37.125,36.957499999999996,0.5952380952380969,0.703867288628352,0.656444198044775
112/04/19,13369205.0,498250387.0,37.45,37.65,37.1,37.1,-0.35,7941.0,,37.52,37.19500000000001,36.9925,0.40000000000000213,0.602578192418902,0.6384888628361507
112/04/20,17578243.0,654495603.0,37.2,37.5,37.1,37.2,0.1,6514.0,,37.45,37.269999999999996,37.00750000000001,0.45000000000000284,0.5517187949459356,0.6095655068727456
112/04/21,69668614.0,2669252948.0,37.5,38.95,37.5,38.3,1.1,30474.0,,37.6,37.46,37.07,0.7045454545454524,0.6026610148124412,0.6072640095193107
112/04/24,82247780.0,3229506752.0,39.2,39.8,38.85,39.55,1.25,39243.0,,37.92,37.755,37.1875,0.9074074074074072,0.7042431456774298,0.6395903882386837
112/04/25,52427881.0,2035107829.0,39.55,39.6,38.3,38.5,-1.05,33453.0,,38.129999999999995,37.86,37.245,0.5185185185185188,0.6423349366244595,0.640505237700609
112/04/27,29945749.0,1166480555.0,39.2,39.4,38.55,38.65,-0.45,13790.0,,38.44,37.980000000000004,37.2975,0.574074074074074,0.619581315774331,0.6335305970585163
112/04/29,24724757.0,958505397.0,38.95,39.15,38.55,38.7,0.05,10956.0,,38.739999999999995,38.095,37.4,0.592592592592594,0.6105850747137519,0.6258820896102615
112/05/02,69164237.0,2748222567.0,39.0,40.25,38.9,39.9,1.2,31971.0,,39.059999999999995,38.33,37.584999999999994,0.8888888888888884,0.7033530127721307,0.6517057306642179
112/05/03,35068167.0,1392237361.0,40.15,40.15,39.3,39.5,-0.4,20354.0,,39.05,38.485,37.7425,0.7619047619047618,0.7228702624830077,0.6754272412704811
112/05/04,19369711.0,764748306.0,39.5,39.75,39.2,39.45,-0.05,9893.0,,39.24,38.685,37.905,0.7460317460317468,0.730590756999254,0.6938150798467387
112/05/05,15901928.0,625658765.0,39.55,39.8,39.15,39.3,-0.15,10070.0,,39.37,38.905,38.05,0.6545454545454535,0.7052423228479872,0.6976241608471548
112/05/08,26175572.0,1035387002.0,39.55,39.8,39.35,39.6,0.3,12693.0,,39.55,39.144999999999996,38.207499999999996,0.6666666666666679,0.6923837707875473,0.695877364160619
112/05/09,38023787.0,1477739348.0,39.7,39.7,38.55,38.65,-0.95,21527.0,,39.3,39.18,38.32,0.17948717948717996,0.5214182403540915,0.6377243228917764
112/05/10,16060716.0,621684688.0,38.85,38.9,38.55,38.85,0.2,8708.0,,39.17,39.11,38.4325,0.17647058823529632,0.4064356896478264,0.5606281118104597
112/05/11,23649114.0,904005519.0,38.65,38.9,37.9,38.2,-0.65,14429.0,,38.92,39.08,38.470000000000006,0.12765957446808684,0.3135103179212465,0.4782555138473886
112/05/12,26092568.0,985403140.0,37.85,37.95,37.6,37.8,-0.4,17905.0,,38.620000000000005,38.995,38.4875,0.07547169811320598,0.23416411131856632,0.39689171300444787
112/05/15,29681026.0,1107231841.0,37.8,37.8,37.15,37.35,-0.45,17857.0,,38.17,38.86,38.477500000000006,0.06666666666666761,0.1783316297679334,0.3240383519256097
112/05/16,14583190.0,548459509.0,37.45,37.85,37.25,37.75,0.4,7364.0,,37.99,38.644999999999996,38.4875,0.2264150943396233,0.19435945129183002,0.28081205171434975
112/05/17,20716571.0,786394332.0,37.7,38.2,37.65,37.9,0.15,11376.0,,37.8,38.485,38.485,0.28301886792452846,0.22391259016939613,0.2618455645326985
112/05/18,18202790.0,689107963.0,38.0,38.15,37.7,37.85,-0.05,9845.0,,37.730000000000004,38.325,38.505,0.26415094339622763,0.23732537457833994,0.2536721678812457
112/05/20,24042183.0,909840258.0,37.85,38.0,37.7,37.85,0.0,9281.0,,37.74,38.17999999999999,38.542500000000004,0.27450980392156926,0.24972018435941637,0.2523548400406359
112/05/22,24186137.0,922770605.0,38.0,38.4,37.7,38.25,0.4,11671.0,,37.92,38.045,38.595,0.6285714285714293,0.37600393243008734,0.293571204170453
112/05/23,22695623.0,862206828.0,38.25,38.3,37.9,37.9,-0.35,11259.0,,37.95,37.97,38.575,0.42857142857142855,0.3935264311438677,0.32688961316159126
112/05/24,21681392.0,816568220.0,37.85,37.9,37.5,37.85,-0.05,13086.0,,37.940000000000005,37.870000000000005,38.49,0.5600000000000023,0.44901762076257923,0.36759894902858725
112/05/25,30414582.0,1146187680.0,37.7,38.05,37.5,38.05,0.2,13036.0,,37.98,37.855,38.4675,0.7199999999999989,0.5393450805083857,0.4248476595218534
112/05/26,21233325.0,802585508.0,37.8,38.0,37.6,38.0,-0.05,9510.0,,38.010000000000005,37.875,38.435,0.652173913043479,0.5769546913534167,0.4755500034657078
112/05/29,26028333.0,987145356.0,38.05,38.15,37.75,38.15,0.15,11969.0,,37.989999999999995,37.955,38.4075,0.7222222222222218,0.6253772016430184,0.5254924028581447
112/05/30,28867665.0,1100035776.0,38.1,38.3,37.9,38.3,0.15,12611.0,,38.07,38.01,38.3275,0.8888888888888872,0.7132144307249746,0.588066412147088
112/05/31,55200906.0,2095759209.0,38.3,38.3,37.85,37.9,-0.4,12267.0,,38.08,38.010000000000005,38.2475,0.4444444444444436,0.6236244352981308,0.5999190865307689
112/06/01,20325434.0,768485173.0,38.05,38.1,37.75,37.75,-0.15,11048.0,,38.019999999999996,38.0,38.1625,0.27777777777777823,0.50834221612468,0.5693934630620725
112/06/02,37641391.0,1446693145.0,37.75,38.75,37.75,38.55,0.8,15496.0,,38.129999999999995,38.06999999999999,38.125,0.8399999999999977,0.6188948107497859,0.5858939122913103
112/06/06,11784017.0,457351772.0,38.95,39.05,38.65,38.8,-0.05,8151.0,,38.260000000000005,38.12499999999999,38.085,0.8387096774193545,0.6921664329729754,0.6213180858518653
112/06/09,12498433.0,480047770.0,38.5,38.5,38.3,38.45,-0.05,6400.0,,38.29,38.17999999999999,38.075,0.6129032258064546,0.6657453639174684,0.6361271785403997
112/06/12,16369900.0,627766126.0,38.7,38.75,38.15,38.25,-0.2,10649.0,,38.36,38.21999999999999,38.045,0.44827586206896586,0.5932555299679676,0.6218366290162556
112/06/13,14239695.0,544275484.0,38.3,38.4,38.05,38.25,0.0,7977.0,,38.46,38.239999999999995,38.0475,0.38461538461538547,0.5237088148504402,0.5891273576276504
112/06/14,11803228.0,451703729.0,38.35,38.45,38.15,38.35,0.1,6964.0,,38.42,38.275,38.075,0.4615384615384636,0.502985363746448,0.5604133596672496
112/06/15,12380474.0,474152763.0,38.35,38.4,38.2,38.35,0.0,6313.0,,38.330000000000005,38.295,38.125,0.4615384615384636,0.4891697296771198,0.536665483003873
112/06/16,39153380.0,1520424959.0,38.4,39.2,38.3,38.7,0.35,13057.0,,38.38,38.335,38.1725,0.6551724137931041,0.5445039577157812,0.5392783079078424
112/06/19,12887442.0,499013141.0,38.75,38.95,38.6,38.7,0.0,6972.0,,38.470000000000006,38.415,38.2125,0.6551724137931041,0.5813934430748888,0.5533166862968578
112/06/21,14668506.0,564793491.0,38.55,38.75,38.35,38.7,0.15,7432.0,,38.56,38.510000000000005,38.255,0.56521739130435,0.5760014258180426,0.5608782661372527
112/06/26,13371077.0,518412162.0,38.7,38.95,38.45,38.8,0.1,6673.0,,38.65,38.535000000000004,38.302499999999995,0.652173913043475,0.6013922548931867,0.5743829290558973
112/06/27,10190147.0,392738941.0,38.7,38.8,38.4,38.45,-0.35,6784.0,,38.67,38.5,38.3125,0.34782608695652495,0.5168701989142994,0.555212019008698
112/06/28,18919407.0,721352398.0,38.45,38.5,38.0,38.05,-0.4,13338.0,,38.54,38.459999999999994,38.32,0.0416666666666642,0.35846902149842097,0.4896310198386056
112/06/30,11159268.0,425253854.0,38.05,38.35,38.05,38.05,0.0,6089.0,,38.410000000000004,38.440000000000005,38.33,0.0416666666666642,0.252868236554502,0.4107100920772377
112/07/03,8601575.0,328660890.0,38.2,38.3,38.15,38.25,+0.20,5542.0,,38.32,38.44,38.339999999999996,0.20833333333333284,0.2380232688141123,0.35314781765619585
112/07/04,11565771.0,441047124.0,38.2,38.3,38.05,38.05,-0.20,7486.0,,38.17,38.410000000000004,38.3425,0.0416666666666642,0.17257106809829625,0.29295556780356263
112/07/05,17202745.0,652857069.0,38.05,38.15,37.8,37.8,-0.25,11608.0,,38.04,38.355,38.325,0.0,0.1150473787321975,0.23365283811310758
112/07/06,28968239.0,1082140861.0,37.75,37.75,37.2,37.25,-0.55,20557.0,,37.879999999999995,38.21,38.272499999999994,0.028571428571426947,0.08622206201194065,0.18450924607938526
112/07/07,19465674.0,722562784.0,37.2,37.5,36.9,37.3,+0.05,11962.0,,37.73,38.07,38.2425,0.1951219512195111,0.12252202508113079,0.1638468390799671
112/07/10,26003083.0,962232999.0,37.3,37.4,36.8,36.85,-0.45,16970.0,,37.45,37.885000000000005,38.1975,0.02500000000000213,0.09001468338742123,0.13923612051578516
112/07/11,22537721.0,828229527.0,36.8,37.05,36.5,36.55,X0.00,13816.0,,37.14999999999999,37.660000000000004,38.097500000000004,0.02499999999999858,0.06834312225828035,0.11560512109661689
112/07/12,13655144.0,499444106.0,36.55,36.65,36.5,36.6,+0.05,7962.0,,36.910000000000004,37.474999999999994,37.9875,0.05405405405405478,0.06358009952353849,0.09826344723892408
112/07/13,15806626.0,583073847.0,36.65,37.25,36.65,36.8,+0.20,8603.0,,36.82,37.35,37.905,0.16666666666666535,0.09794228857124744,0.09815639434969853
112/07/14,15399835.0,568877607.0,36.8,37.15,36.75,37.0,+0.20,6822.0,,36.760000000000005,37.245,37.8425,0.27777777777777823,0.15788745164009105,0.11806674677982937
112/07/17,19635471.0,722831068.0,37.0,37.1,36.7,36.75,-0.25,11288.0,,36.739999999999995,37.095,37.7675,0.15151515151515166,0.15576335159844457,0.13063228171936775
112/07/18,22387442.0,822733616.0,36.7,37.1,36.5,37.1,+0.35,12059.0,,36.85,37.0,37.705,0.48000000000000115,0.26384223439896337,0.17503559927923296
112/07/19,20934774.0,769842144.0,37.1,37.1,36.55,36.6,-0.50,12303.0,,36.85,36.88,37.6175,0.10000000000000142,0.20922815626597605,0.18643311827481396
112/07/20,17798154.0,651370556.0,36.65,36.75,36.55,36.55,-0.05,8840.0,,36.8,36.809999999999995,37.510000000000005,0.055555555555552485,0.15800395602916817,0.17695673085959868
112/07/21,23480660.0,852409824.0,36.6,36.65,36.1,36.1,-0.45,18234.0,,36.62,36.690000000000005,37.38,0.0,0.10533597068611211,0.15308314413510316
112/07/24,15855908.0,578367784.0,36.2,36.9,36.0,36.5,+0.40,8776.0,,36.57,36.655,37.269999999999996,0.4,0.2035573137907414,0.1699078673536492
112/07/25,24409072.0,911050979.0,36.9,37.65,36.8,37.4,+0.90,11495.0,,36.63,36.739999999999995,37.2,0.8484848484848484,0.41853315868877705,0.2527829644653585
112/07/26,11833479.0,441517637.0,37.5,37.55,37.2,37.25,-0.15,6021.0,,36.760000000000005,36.805,37.14,0.7575757575757582,0.5315473583177708,0.3457044290828292
112/07/27,14515480.0,541966389.0,37.25,37.55,37.2,37.35,+0.10,5784.0,,36.92,36.86,37.105000000000004,0.8181818181818198,0.6270921782724538,0.4395003454793707
112/07/28,11768083.0,437881006.0,37.35,37.4,37.1,37.35, 0.00,5727.0,,37.17,36.894999999999996,37.07,0.8181818181818198,0.6907887249089091,0.5232631386225501
112/07/31,17485589.0,653276071.0,37.35,37.6,37.15,37.3,-0.05,8184.0,,37.33,36.95,37.0225,0.7878787878787868,0.7231520792322017,0.589892785492434
112/08/01,13464998.0,503788057.0,37.35,37.6,37.3,37.55,+0.25,5945.0,,37.36,36.995,36.997499999999995,0.9393939393939384,0.795232699286114,0.6583394234236606
112/08/02,19895559.0,743759032.0,37.5,37.8,37.15,37.2,-0.35,9016.0,,37.35,37.055,36.9675,0.6666666666666693,0.7523773550796323,0.6896854006423178
112/08/04,14192349.0,530321040.0,37.25,37.5,37.15,37.35,+0.15,6682.0,,37.35,37.135000000000005,36.972500000000004,0.750000000000002,0.7515849033864221,0.7103185682236859
112/08/07,16992923.0,637318126.0,37.5,37.7,37.4,37.65,+0.30,6742.0,,37.41,37.29,36.989999999999995,0.8500000000000014,0.7843899355909485,0.7350090240127733
112/08/08,15554128.0,578849128.0,37.5,37.6,37.1,37.1,-0.55,9970.0,,37.37,37.35,37.002500000000005,0.0,0.5229266237272989,0.6643148905842818
112/08/09,10784194.0,400479133.0,37.1,37.25,37.05,37.15,+0.05,5540.0,,37.290000000000006,37.325,37.0325,0.13333333333333522,0.39306219359597766,0.5738973249215138
112/08/10,9774757.0,360662761.0,37.2,37.25,36.8,36.85,-0.30,8264.0,,37.22,37.285000000000004,37.045,0.05000000000000426,0.2787081290639865,0.475500926302338
112/08/11,17960217.0,656288294.0,37.15,37.75,37.1,37.4,+0.55,6938.0,,37.230000000000004,37.29,37.075,0.6000000000000014,0.38580541937599144,0.44560242399355576
112/08/14,17530258.0,647279615.0,37.55,37.55,36.75,36.85,-0.55,10462.0,,37.07,37.24,37.0675,0.09523809523809684,0.28894964466335993,0.39338483088349047
112/08/15,16918628.0,621512281.0,36.85,36.9,36.55,36.7,-0.15,8965.0,,36.99,37.18,37.065,0.12000000000000455,0.23263309644224145,0.3398009194030741
112/08/16,30022247.0,1087443921.0,36.55,36.6,36.0,36.05,-0.65,17353.0,,36.769999999999996,37.03,37.0125,0.028571428571426947,0.16461254048530327,0.2814047930971505
112/08/17,41929246.0,1451706873.0,36.0,36.05,35.4,35.65,-0.40,15160.0,,36.53,36.875,36.964999999999996,0.10638297872340419,0.14520268656467022,0.23600409091965707
112/08/18,30753041.0,1087997886.0,35.8,35.8,35.1,35.15,-0.50,18429.0,,36.08,36.654999999999994,36.894999999999996,0.018867924528300824,0.10309109921921376,0.19169976035284264
112/08/21,15868611.0,559417513.0,35.0,35.45,35.0,35.4,+0.25,5684.0,,35.79,36.43,36.86,0.14545454545454495,0.11721224796432415,0.1668705895566698
112/08/22,12160131.0,430418837.0,35.55,35.55,35.3,35.4, 0.00,4794.0,,35.529999999999994,36.26,36.805,0.14545454545454495,0.12662634712773108,0.1534558420803569
112/08/23,13200442.0,467271842.0,35.5,35.55,35.3,35.3,-0.10,5863.0,,35.38,36.075,36.7,0.10909090909090806,0.12078120111545673,0.14256429509205684
112/08/24,14151716.0,499578948.0,35.2,35.45,35.2,35.3, 0.00,6414.0,,35.309999999999995,35.92,36.6025,0.11764705882352842,0.11973648701814729,0.13495502573408696
112/08/25,15173092.0,534353551.0,35.2,35.35,35.1,35.1,-0.20,7419.0,,35.3,35.69,36.489999999999995,0.05263157894736921,0.09736818432788792,0.12242607859868727
112/08/28,13704450.0,481506124.0,35.15,35.3,35.1,35.2,+0.10,5217.0,,35.260000000000005,35.525,36.3825,0.12500000000000167,0.10657878955192582,0.11714364891643345
112/08/29,22767239.0,766993767.0,35.2,35.45,35.2,35.4,+0.20,4392.0,,35.260000000000005,35.394999999999996,36.2875,0.38095238095238065,0.1980366533520774,0.14410798372831476
112/08/30,21263679.0,734792646.0,35.3,35.6,35.2,35.3,-0.10,7713.0,,35.26,35.32,36.175,0.3749999999999978,0.2570244355680509,0.1817468010082268
112/08/31,38519368.0,1349792371.0,35.35,35.35,34.95,34.95,-0.35,10593.0,,35.190000000000005,35.25,36.0625,0.0,0.1713496237120339,0.17828107524282916
112/09/01,19428367.0,682532551.0,35.1,35.45,35.0,35.25,+0.30,7631.0,,35.220000000000006,35.260000000000005,35.957499999999996,0.4615384615384582,0.26807923632084196,0.20821379560216674
112/09/04,20229190.0,710516397.0,35.15,35.25,34.9,35.2,-0.05,9657.0,,35.22,35.239999999999995,35.835,0.42857142857143293,0.3215766337377056,0.24600140831401301
112/09/05,36456336.0,1226669232.0,35.15,35.25,35.0,35.0,-0.20,12172.0,,35.14,35.2,35.730000000000004,0.14285714285714432,0.26200347011085184,0.2513354289129593
112/09/06,39906142.0,1376204832.0,34.9,34.95,34.35,34.4,-0.60,30576.0,,34.96,35.11,35.5925,0.039999999999997725,0.1880023134072338,0.23022439041105078
112/09/07,21981134.0,755231324.0,34.4,34.55,34.2,34.35,-0.05,10585.0,,34.839999999999996,35.015,35.4675,0.10714285714285623,0.16104916131910796,0.2071659807137365
112/09/08,21838198.0,746950035.0,34.3,34.35,34.05,34.1,-0.25,13463.0,,34.61,34.915000000000006,35.302499999999995,0.032258064516131696,0.11811879571811587,0.1774835857151963
112/09/11,17824696.0,608196053.0,34.1,34.2,34.05,34.2,+0.10,7786.0,,34.410000000000004,34.815000000000005,35.17,0.0967741935483905,0.11100392832820741,0.15532369991953332
112/09/12,17792157.0,612107352.0,34.3,34.65,34.3,34.6,+0.40,6043.0,,34.33,34.735,35.065000000000005,0.3928571428571443,0.20495499983785304,0.17186746655897323
112/09/13,28278131.0,990254465.0,34.85,35.3,34.85,35.3,+0.70,10998.0,,34.510000000000005,34.735,35.027499999999996,0.8928571428571392,0.4342557141776151,0.25933021576518717
112/09/14,18247932.0,645339783.0,35.4,35.5,35.3,35.5,+0.20,6450.0,,34.74,34.79,35.019999999999996,1.0,0.6228371427850767,0.38049919143848365
112/09/15,19736935.0,696124709.0,35.3,35.35,35.05,35.1,-0.40,5474.0,,34.940000000000005,34.775,35.0175,0.7241379310344843,0.6566040722015459,0.47253415169283774
112/09/18,15558263.0,545619542.0,35.1,35.2,35.0,35.1, 0.00,6491.0,,35.12,34.765,35.002500000000005,0.7241379310344843,0.679115358479192,0.5413945539549558
112/09/19,17331215.0,604308324.0,35.1,35.15,34.8,34.8,-0.30,9986.0,,35.160000000000004,34.745,34.9725,0.5172413793103439,0.6251573654229092,0.5693154911109403
112/09/20,27453105.0,948085087.0,34.8,34.85,34.35,34.35,-0.45,12561.0,,34.97,34.739999999999995,34.925,0.20689655172414045,0.48573709418998623,0.5414560254706222
112/09/21,35756361.0,1216822304.0,34.25,34.25,33.8,33.8,-0.55,21386.0,,34.629999999999995,34.685,34.85,0.0,0.3238247294599908,0.46891226013374504
112/09/22,30264572.0,1008227536.0,33.5,33.6,33.35,33.5,-0.30,16296.0,,34.31,34.625,34.769999999999996,0.0697674418604645,0.23913896692681536,0.3923211623981018
112/09/25,32303005.0,1071547260.0,33.4,33.45,33.0,33.1,-0.40,19288.0,,33.910000000000004,34.515,34.665,0.04000000000000057,0.17275931128454375,0.3191338786935824
112/09/26,25651061.0,841526411.0,33.1,33.3,33.0,33.0,-0.10,14123.0,,33.55,34.355,34.545,0.0,0.11517287418969582,0.25114687719228684
112/10/02,13954666.0,462505241.0,33.3,33.3,33.05,33.1,-0.15,8950.0,,33.3,34.135000000000005,34.435,0.042553191489362284,0.09096631328958463,0.1977533558913861
112/10/03,16266249.0,539321478.0,33.2,33.3,33.05,33.2,+0.10,7129.0,,33.17999999999999,33.905,34.347500000000004,0.09090909090909208,0.09094723916275377,0.16215131698184196
112/10/04,20561500.0,677175059.0,33.0,33.15,32.85,32.9,-0.30,11767.0,,33.059999999999995,33.685,34.230000000000004,0.0217391304347814,0.06787786958676298,0.13072683451681563
112/10/05,17660272.0,578826694.0,32.75,32.95,32.6,32.75,-0.15,13624.0,,32.989999999999995,33.45,34.1075,0.06666666666666604,0.06747413528006399,0.10964260143789842
112/10/06,15884461.0,520774500.0,32.75,33.1,32.7,32.8,+0.05,6869.0,,32.95,33.25,33.997499999999995,0.12121212121211873,0.08538679725741558,0.10155733337773745
112/10/11,16225669.0,536069353.0,33.15,33.2,32.85,33.1,+0.30,8001.0,,32.95,33.125,33.9325,0.5,0.22359119817161038,0.14223528830902843
112/10/12,20332421.0,683098719.0,33.2,33.8,33.15,33.7,+0.60,9266.0,,33.05,33.114999999999995,33.9,0.9166666666666711,0.4546163543366306,0.24636231031822914
112/10/13,19059868.0,647253744.0,33.9,34.15,33.7,33.8,+0.10,10560.0,,33.230000000000004,33.144999999999996,33.885000000000005,0.7741935483870954,0.5611420856867855,0.3512889021077479
112/10/16,13519437.0,455489988.0,33.8,33.9,33.6,33.6,-0.20,6603.0,,33.4,33.19500000000001,33.855000000000004,0.6451612903225818,0.5891484872320509,0.43057543048251556
112/10/17,18143021.0,607560645.0,33.8,33.8,33.3,33.45,-0.15,8426.0,,33.53,33.24,33.7975,0.5483870967741955,0.5755613570794325,0.4789040726814878
112/10/18,110992007.0,3568983437.0,32.65,32.75,32.3,32.45,-1.0,30818.0,,33.4,33.175,33.655,0.0810810810810841,0.41073459841331633,0.4561809145920973
112/10/19,67331244.0,2124826132.0,32.2,32.25,31.7,31.9,-0.55,33937.0,,33.040000000000006,33.045,33.475,0.08163265306122422,0.30103394996261895,0.40446525971560454
112/10/22,33671404.0,1064696077.0,31.7,31.9,31.4,31.75,-0.15,18546.0,,32.63,32.92999999999999,33.3075,0.1272727272727278,0.24311354239932187,0.3506813539435103
112/10/23,14150665.0,448293669.0,31.7,31.9,31.55,31.65,-0.1,9106.0,,32.24,32.82,33.135,0.09090909090909091,0.19237872523591154,0.29791381104097736
112/10/24,24067392.0,758939141.0,31.75,31.75,31.35,31.5,-0.15,11612.0,,31.85,32.690000000000005,32.97,0.05357142857142812,0.1461096263477504,0.24731241614323504
112/10/25,19646028.0,621917103.0,31.65,31.85,31.5,31.55,0.05,10635.0,,31.669999999999998,32.535000000000004,32.83,0.07142857142857124,0.12121594137469069,0.2052802578870536
112/10/29,12807214.0,407864929.0,31.55,32.0,31.55,31.85,0.4,6248.0,,31.660000000000004,32.35,32.7325,0.19607843137254924,0.1461701047073102,0.18557687349380578
112/10/30,15920174.0,508519791.0,31.8,32.1,31.75,32.0,0.15,7148.0,,31.71,32.17,32.657500000000006,0.2653061224489795,0.18588211062119997,0.18567861920293716
112/10/31,34975272.0,1126195244.0,32.05,32.35,32.05,32.25,0.25,8015.0,,31.829999999999995,32.035,32.615,0.6428571428571425,0.3382071213665141,0.2365214532574628
112/11/01,13675697.0,439806368.0,32.35,32.5,32.0,32.1,-0.15,6013.0,,31.95,31.9,32.57,0.652173913043479,0.4428627185921691,0.30530187503569817
112/11/02,25579046.0,802090124.0,32.3,32.5,32.25,32.35,0.25,6161.0,,32.11,31.889999999999997,32.5325,0.8695652173913054,0.5850968848585478,0.3985668783099814
112/11/05,27979160.0,915667247.0,32.55,32.95,32.5,32.9,0.55,7848.0,,32.32,31.990000000000002,32.5175,0.9687499999999973,0.7129812565723643,0.503371671064109
112/11/06,20773959.0,682282007.0,33.0,33.1,32.75,32.8,-0.1,8132.0,,32.48,32.095,32.5125,0.8285714285714262,0.7515113139053848,0.5860848853445342
112/11/07,23906987.0,771362752.0,32.8,32.8,32.4,32.55,-0.25,6296.0,,32.54,32.184999999999995,32.5025,0.6562499999999977,0.719757542603589,0.6306424377642191
112/11/08,22505196.0,738051946.0,32.8,33.05,32.65,32.9,0.35,5979.0,,32.7,32.325,32.5075,0.8709677419354821,0.7701609423808867,0.6771486059697749
112/11/09,16366451.0,539313665.0,33.0,33.1,32.75,32.9,0.0,5907.0,,32.809999999999995,32.459999999999994,32.4975,0.8518518518518499,0.7973912455378744,0.717229485825808
112/11/12,10690090.0,351476457.0,32.9,33.0,32.8,32.85,-0.05,5355.0,,32.8,32.56,32.455,0.772727272727273,0.7891699212676739,0.7412096309730967
112/11/13,14964159.0,490414520.0,33.0,33.0,32.6,32.8,-0.05,6739.0,,32.8,32.64,32.405,0.7272727272727237,0.7685375232693571,0.7503189284051834
112/11/14,16721751.0,544570648.0,32.9,32.9,32.5,32.5,-0.3,8581.0,,32.79,32.665,32.35,0.29411764705882304,0.6103975645325124,0.7036784737809597
112/11/15,36628181.0,1209338396.0,33.0,33.15,32.8,33.15,0.65,12336.0,,32.84,32.769999999999996,32.335,1.0,0.7402650430216748,0.715873996861198
112/11/16,23429454.0,776191694.0,33.35,33.35,33.0,33.05,-0.1,9854.0,,32.87,32.84,32.364999999999995,0.6842105263157859,0.7215802041197119,0.7177760659473693
112/11/19,25951662.0,808991935.0,33.05,33.35,33.0,33.2,0.15,5782.0,,32.940000000000005,32.87,32.43,0.8421052631578967,0.7617552237991068,0.7324357852312817
112/11/20,12434498.0,417189349.0,33.2,33.75,33.1,33.6,0.4,6785.0,,33.1,32.95,32.5225,0.8800000000000011,0.8011701491994048,0.7553472398873227
112/11/21,33522499.0,1141533442.0,33.7,34.2,33.7,34.2,0.6,13341.0,,33.44,33.115,32.65,1.0,0.8674467661329364,0.7927137486358605
112/11/22,15687176.0,532787644.0,34.05,34.15,33.85,33.85,-0.35,10231.0,,33.58,33.209999999999994,32.7675,0.794117647058823,0.8430037264415652,0.8094770745710953
112/11/23,16945844.0,574527168.0,33.85,34.05,33.65,34.0,0.15,8116.0,,33.77,33.32,32.89,0.8823529411764691,0.8561201313531998,0.82502476016513
112/11/26,20353723.0,690507163.0,33.95,34.1,33.75,33.75,-0.25,7160.0,,33.88,33.41,32.985,0.7352941176470575,0.8158447934511524,0.8219647712604707
112/11/27,22155103.0,755826760.0,33.9,34.35,33.8,33.95,0.2,8919.0,,33.95,33.525,33.082499999999996,0.7419354838709694,0.7912083569244247,0.8117126331484553
112/11/28,65709089.0,2292862986.0,35.0,35.5,34.5,34.5,0.55,29977.0,,34.010000000000005,33.725,33.195,0.6,0.7274722379496164,0.7836325014155089
112/11/29,27501623.0,945813475.0,34.6,34.8,34.1,34.25,-0.25,14913.0,,34.089999999999996,33.835,33.3025,0.5,0.6516481586330776,0.7396377204880318
112/11/30,106415572.0,3721321159.0,34.3,35.3,34.3,34.95,0.7,19511.0,,34.28,34.025,33.4325,0.7708333333333344,0.6913765501998298,0.7235506637252977
112/12/03,35911150.0,1240473619.0,34.6,34.75,34.3,34.4,-0.55,16853.0,,34.410000000000004,34.144999999999996,33.50750000000001,0.4054054054054051,0.596052835268355,0.6810513875729834
112/12/04,23927886.0,819207132.0,34.5,34.55,34.05,34.05,-0.35,13001.0,,34.43,34.190000000000005,33.57,0.21621621621621528,0.4694406289176417,0.6105144680212029
112/12/05,24322560.0,843124502.0,34.0,34.9,34.0,34.9,0.85,10993.0,,34.510000000000005,34.26,33.6875,0.6756756756756751,0.5381856445036528,0.5864048601820195
112/12/06,11793732.0,409794157.0,34.95,35.05,34.6,34.6,-0.3,7537.0,,34.58,34.335,33.7725,0.48571428571428654,0.520695191573864,0.5645016373126344
112/12/07,7387622.0,255159039.0,34.6,34.75,34.4,34.5,-0.1,5021.0,,34.489999999999995,34.385000000000005,33.8525,0.4117647058823539,0.48438502967669395,0.5377961014339876
112/12/10,12386018.0,429170096.0,34.7,34.85,34.6,34.6,0.1,3906.0,,34.53,34.470000000000006,33.940000000000005,0.40000000000000097,0.4562566864511296,0.5106162964397015
112/12/11,7662596.0,263273230.0,34.6,34.65,34.2,34.4,-0.2,6230.0,,34.6,34.515,34.019999999999996,0.30769230769230727,0.40673522686485547,0.47598927324808615
112/12/12,9012408.0,308076135.0,34.4,34.4,34.1,34.15,-0.25,5646.0,,34.45,34.48,34.1025,0.11538461538461454,0.3096183563714418,0.42053230095587135
112/12/13,8905633.0,303888092.0,34.15,34.2,34.05,34.05,-0.1,4863.0,,34.339999999999996,34.459999999999994,34.1475,0.04761904761904504,0.2222852534539762,0.35444995178857297
112/12/14,10868064.0,373762329.0,34.5,34.55,34.1,34.4,0.35,5184.0,,34.32,34.404999999999994,34.215,0.38095238095238065,0.27517429595344434,0.3280247331768634
112/12/17,22372270.0,769032993.0,34.5,34.55,34.3,34.3,-0.1,7318.0,,34.260000000000005,34.394999999999996,34.269999999999996,0.28571428571428376,0.27868762587372414,0.31157903074248366
112/12/18,7431723.0,256466923.0,34.45,34.7,34.35,34.55,0.25,4742.0,,34.29,34.445,34.317499999999995,0.5,0.3524584172491494,0.32520549291137224
112/12/19,8855505.0,304222359.0,34.7,34.7,34.2,34.35,-0.2,5835.0,,34.33,34.39,34.325,0.37500000000000333,0.35997227816610067,0.336794421329615
112/12/20,9066776.0,312007536.0,34.45,34.6,34.25,34.5,0.15,5264.0,,34.42,34.38,34.3575,0.5625000000000006,0.4274815187774006,0.3670234538122102
112/12/21,7255766.0,248260665.0,34.25,34.35,34.15,34.25,-0.25,4978.0,,34.39,34.355000000000004,34.37,0.3076923076923094,0.3875517817490368,0.37386622979115236
112/12/24,7317372.0,250494059.0,34.2,34.35,34.15,34.3,0.05,3342.0,,34.39,34.324999999999996,34.3975,0.38461538461538125,0.3865729827044849,0.3781018140955965
112/12/25,7382502.0,254872392.0,34.4,34.65,34.35,34.5,0.2,4293.0,,34.38,34.334999999999994,34.425,0.6923076923076906,0.4884845525722201,0.414896060254471
112/12/26,5532736.0,191562236.0,34.6,34.7,34.5,34.65,0.15,3586.0,,34.44,34.385000000000005,34.4325,0.9166666666666597,0.6312119239370333,0.48700134814865836
112/12/27,11522515.0,400971083.0,34.65,34.9,34.65,34.9,0.25,6126.0,,34.519999999999996,34.47,34.464999999999996,1.0,0.7541412826246888,0.5760479929740019
112/12/28,9492910.0,330375061.0,34.95,35.0,34.7,34.9,0.0,5963.0,,34.65,34.519999999999996,34.4625,0.8823529411764691,0.7968785021419489,0.6496581626966509
112/12/31,6506879.0,226475062.0,34.9,34.9,34.7,34.85,-0.05,3742.0,,34.76,34.575,34.485,0.8235294117647078,0.8057621386828684,0.7016928213587234
2024/01/02,14937049.0,518751792.0,34.85,34.85,34.6,34.7,-0.15,4172.0,,34.8,34.589999999999996,34.5175,0.6470588235294157,0.7528610336317174,0.718748892116388
2024/01/03,12793849.0,438994226.0,34.5,34.75,34.15,34.2,-0.5,8186.0,,34.71,34.575,34.4825,0.058823529411769625,0.5215151988917347,0.6530043277081703
2024/01/23,7306624.0,238083658.0,32.35,32.7,32.3,32.7,0.4,4519.0,,34.27,34.394999999999996,34.3875,0.1481481481481501,0.39705951531053985,0.5676893902422935
113/01/04,6473946.0,221350197.0,34.2,34.3,34.15,34.2, 0.00,3693.0,,34.13,34.39,34.3725,0.703703703703705,0.4992742447749282,0.5448843417531717
113/01/05,4691751.0,160866951.0,34.2,34.35,34.2,34.35,+0.15,2609.0,,34.03000000000001,34.395,34.36,0.7592592592592601,0.5859359162697054,0.5585681999253496
113/01/08,5581614.0,191844472.0,34.4,34.55,34.25,34.25,-0.10,3387.0,,33.94,34.370000000000005,34.3525,0.7222222222222225,0.6313646849205444,0.5828336949237478
113/01/09,6279275.0,214297776.0,34.3,34.3,34.05,34.05,-0.20,4002.0,,33.910000000000004,34.31,34.347500000000004,0.6481481481481475,0.6369591726630788,0.6008755208368581
113/01/10,11892969.0,401811477.0,34.05,34.05,33.7,33.7,-0.35,6610.0,,34.11,34.190000000000005,34.33,0.5384615384615403,0.6041266279292326,0.6019592232009829
113/01/11,6666115.0,224762008.0,33.7,33.8,33.6,33.7, 0.00,3871.0,,34.010000000000005,34.07,34.295,0.5490196078431385,0.5857576212338678,0.5965586892119445
113/01/12,5248129.0,176751295.0,33.7,33.8,33.6,33.75,+0.05,3233.0,,33.89,33.96,34.2675,0.591836734693878,0.5877839923872045,0.5936337902703646
113/01/15,7160773.0,241194939.0,34.0,34.0,33.6,33.65,-0.10,6110.0,,33.769999999999996,33.855000000000004,34.2225,0.6000000000000006,0.5918559949248031,0.593041191821844
113/01/16,19050849.0,629043207.0,33.45,33.5,32.9,32.9,-0.75,13714.0,,33.54,33.725,34.15,0.0,0.39457066328320206,0.52688434897563
113/01/17,28856602.0,931822461.0,32.55,32.7,32.15,32.2,-0.70,17199.0,,33.24,33.675,34.035000000000004,0.020833333333335122,0.26999155329991303,0.4412534170837243
113/01/18,14999489.0,481330210.0,32.2,32.35,32.0,32.05,-0.15,10365.0,,32.910000000000004,33.46,33.925,0.01960784313725381,0.18653031657902663,0.3563457169154917
113/01/19,14495609.0,464615470.0,32.0,32.4,31.8,32.4,+0.35,8208.0,,32.64,33.265,33.83,0.2399999999999995,0.20435354438601758,0.305681659405667
113/01/22,9350803.0,303041146.0,32.4,32.65,32.3,32.3,-0.10,6338.0,,32.37,33.07,33.72,0.222222222222221,0.2103097703314187,0.2738910297142509
